0.164753021223562+0i,0.105882427088507-1.23880615810542e-09i,0.0482045634234008+3.65243325790467e-09i,0.017163867929827-4.60596820930283e-08i,0.00717605103803592-4.21420869747944e-08i,0.000468524817322658-4.17819896053228e-08i,-0.000584349137115621-3.00037525288169e-08i,-0.000767544262117607-1.61182593545179e-08i,-0.00103307385572224-9.54132839688815e-10i,-0.000365160895478892+8.93777051985637e-09i,2.79135639361227e-05+7.84462332494964e-09i,7.13712586770504e-05+8.49323747268944e-09i,0.000167250944626014+4.96942239278994e-09i,0.090606483729471+4.15912883172723e-08i,-0.056912565754718-1.53877553637941e-07i,0.0278711798204612+1.09193317384878e-07i,-0.00773952364073526-9.2751922669921e-08i,0.00294020582894313+5.58482721500287e-08i,-4.97548232670982e-05-3.34911092235361e-08i,-0.000462631146719143-1.50028805112927e-08i,0.000389727847381722+1.44555916004641e-08i,-0.000411560395586892-9.51694780449583e-09i,0.000175464554859723+1.9572941592105e-08i,4.86021857208955e-05-7.74087747182345e-09i,-7.31426732836586e-05-1.44383911932664e-09i,5.78876459810669e-05-5.72689563646382e-09i,0.118320694681077-0.0329334284051695i,-0.0198781845888653-0.0762719797220505i,-0.0351268056197221+0.00748471416676992i,0.00358566172685595+0.0109260669423604i,0.00435762874892984-0.00174721155959382i,-0.000170737599881403-6.14428886271024e-05i,0.000649751438012006+2.54320840392434e-05i,-9.79401586160904e-05-0.000528606890642786i,-0.00062455205609568+0.000245099959306152i,6.76252687905401e-05+0.0002254017071173i,-9.29358010038842e-05-1.69665600240019e-05i,-1.36314465242202e-05+9.79727248388658e-05i,0.000100200609641194-4.24180575133446e-05i,0.118320750931638+0.0329335428324104i,-0.0198782653866017+0.076271906782652i,-0.0351267590455564-0.00748480296467072i,0.00358563336911421-0.0109259780077003i,0.00435752574414142+0.00174715464803964i,-0.000170763968525108+6.13725272675569e-05i,0.000649740452268635-2.54919218366031e-05i,-9.79222197186773e-05+0.0005285853081855i,-0.000624529369933551-0.000245082169658428i,6.7624583958571e-05-0.000225364837817385i,-9.29467269303492e-05+1.69850062650528e-05i,-1.36393136823344e-05-9.79637570748315e-05i,0.0001001995240347+4.24126554762847e-05i
0.105882427088507+1.23880615810542e-09i,0.0685600532997393+0i,0.0313387532998934-3.61330326396168e-09i,0.0111699961532843-3.45529061974704e-08i,0.00464210438213711-3.01874071873395e-08i,0.000300139097341162-3.05681372037054e-08i,-0.000399770210240071-2.5754554954838e-08i,-0.000510196550443477-1.3932286007866e-08i,-0.000671204615030172-9.49563674286735e-10i,-0.000237983486190857+6.10976462054174e-09i,2.15382678285665e-05+6.90589670348302e-09i,4.96457596323141e-05+8.15597749344874e-09i,0.000109165238296758+4.26173404084104e-09i,0.0569127103239038-3.71758687757362e-08i,-0.0353124892905123-5.67936841360025e-08i,0.0171622368787628+4.78512692961477e-08i,-0.00465737656080777-4.65919269610021e-08i,0.00178183943757691+2.83503611575888e-08i,-1.77111224243656e-05-1.65419439540082e-08i,-0.000280417660359515-1.55873351415048e-08i,0.000226579750016146+1.21421653433323e-08i,-0.000245944035838281-6.57912740570624e-09i,0.000105030643108155+1.19415863627018e-08i,3.1511925481321e-05-2.90064347528367e-09i,-4.47389001304033e-05-2.69588101051486e-09i,3.38662989008538e-05-3.01052051114051e-09i,0.0762720282192168-0.019878205250442i,-0.0114909213117764-0.0491210063188694i,-0.0226450117166552+0.00409928493510699i,0.00200295015081538+0.00707084248964532i,0.00282356713052426-0.0010194815250425i,-9.97828586999422e-05-4.6768020627871e-05i,0.000411927145581339+3.69405669348606e-05i,-4.04413401606688e-05-0.000341249026544742i,-0.000404735455908852+0.000139852115756193i,3.65667442410952e-05+0.000146329078576556i,-5.75608423200971e-05-1.23024580974853e-05i,-1.15395423568654e-05+6.1919322486375e-05i,6.48379755415867e-05-2.39530465516947e-05i,0.0762720095907846+0.0198782923980323i,-0.0114909760775633+0.0491209293926408i,-0.0226449713861411-0.00409934258913972i,0.00200293330083145-0.00707078277413692i,0.0028235020749031+0.00101945292966671i,-9.98122844252206e-05+4.67271891240282e-05i,0.000411917581928097-3.69930489514225e-05i,-4.04227749349679e-05+0.000341233580964659i,-0.000404720722133524-0.000139839744675801i,3.65673850841156e-05-0.000146306459780278i,-5.75667125701865e-05+1.23171328008233e-05i,-1.15474054464906e-05-6.19120354654964e-05i,6.4836225704454e-05+2.39490739912602e-05i
0.0482045634234008-3.65243325790467e-09i,0.0313387532998934+3.61330326396168e-09i,0.0144426137857616+0i,0.00513504221851958-1.56740725291114e-08i,0.00212100867498817-1.44254849649699e-08i,0.000141933693226587-1.59454214816907e-08i,-0.000185888412750102-1.47188928001576e-08i,-0.000239112401791726-8.2086766671687e-09i,-0.000307620262052056-1.28713176115394e-09i,-0.000110591827861791+2.7337405721173e-09i,8.85271732313031e-06+4.14516987479408e-09i,2.33577263777832e-05+4.74628622174801e-09i,4.99320876812723e-05+2.50378645978112e-09i,0.0278712938745758-2.60391836911647e-08i,-0.0171622677897896-1.74238501439203e-08i,0.00824339218835084+1.51422631520232e-08i,-0.00230583386441578-1.61141345589603e-08i,0.000906178251555466+1.00466740718221e-08i,-2.06616432397665e-05-6.64994908779413e-09i,-0.000120149291590212-7.98275824952099e-09i,0.000105440297600362+5.40782723979741e-09i,-0.000124135675763712-1.99178413031765e-09i,5.18149164710817e-05+4.57553777277969e-09i,1.1743388728026e-05-8.56157410624887e-10i,-1.83869073809783e-05-1.37238291702086e-09i,1.7073645122389e-05-1.54758440542594e-09i,0.0351268265001506-0.00748475345012962i,-0.00409930088745472-0.0226450096857882i,-0.0104221541760917+0.00135866929466253i,0.000684806010907135+0.00323579189241145i,0.00128907435145361-0.000368523014088762i,-3.666251437013e-05-1.43720511761361e-05i,0.000196092565453456+2.34675069443145e-05i,-7.78834325334962e-06-0.000157111985150897i,-0.000185065286487997+4.94262471484207e-05i,1.2016601567538e-05+6.64237281301505e-05i,-2.88379102344501e-05-5.68247255882241e-06i,-5.63387691670212e-06+2.97824900875794e-05i,2.97962324574289e-05-8.4508002511854e-06i,0.0351268317173405+0.0074848511796364i,-0.00409936122828196+0.0226449935411028i,-0.0104221483134206-0.00135871461167939i,0.000684806179052822-0.00323577142211727i,0.00128904737578955+0.000368514537576567i,-3.66793064149614e-05+1.43534383954945e-05i,0.000196088349263859-2.34942001421394e-05i,-7.77872323246878e-06+0.000157104607583277i,-0.000185059142818865-4.94207216060756e-05i,1.2017028019972e-05-6.64139906234465e-05i,-2.88407404951124e-05+5.6892797569802e-06i,-5.63757633679865e-06-2.97787667701904e-05i,2.97951786293313e-05+8.44930114624768e-06i
0.017163867929827+4.60596820930283e-08i,0.0111699961532843+3.45529061974704e-08i,0.00513504221851958+1.56740725291114e-08i,0.00188846238863963+0i,0.000787814287439824-4.67537987263733e-09i,6.18895698815987e-05-7.71644337506559e-09i,-5.81922895195315e-05-7.11058652360459e-09i,-8.70520327994184e-05-4.31311170989835e-09i,-0.000114613794427424-1.18082021728295e-09i,-4.11137151895012e-05+1.09814156864872e-09i,4.46183944681718e-07+2.1274454225738e-09i,6.80122564860344e-06+2.42338609353451e-09i,1.86919065117851e-05+1.30541550207926e-09i,0.00773952594132978-6.59739928371216e-08i,-0.0046573650245844+3.17940729155011e-08i,0.00230582450224201-1.021682035396e-08i,-0.000590999950048358+2.03910840486996e-09i,0.00022729675106992-1.40186191871847e-10i,-4.68600498360056e-06-3.06366507981477e-09i,-3.02232426142796e-05-2.48236615717195e-09i,2.61023057307833e-05+1.41564963949752e-09i,-2.98708257234925e-05+3.39173385900522e-10i,1.398603219292e-05+1.58015931054072e-09i,2.15800643259314e-06-6.07611900953536e-10i,-4.57223832838067e-06-4.16896049334867e-10i,3.46438810863803e-06-8.77217846432556e-10i,0.0109260770264522-0.00358572380748354i,-0.00200298687448465-0.00707084261777516i,-0.0032357921127555+0.000684819985149991i,0.000342070540471059+0.000984306048262545i,0.000388894088988593-0.000179253754850427i,-1.79714483142915e-05+2.6151382528641e-06i,6.74101734258577e-05+9.44920392126199e-06i,-5.72649845981399e-06-4.87192522603011e-05i,-5.60343529781168e-05+2.44839235368377e-05i,6.12674570471706e-06+1.96826136984616e-05i,-1.12618775543868e-05-2.65321413710583e-06i,-2.35344620552265e-06+1.05097419707886e-05i,9.16251870194936e-06-4.28048631555012e-06i,0.0109260095912491+0.00358573858035618i,-0.00200299878585112+0.00707079895205223i,-0.0032357792700724-0.000684833283662034i,0.000342069147788531-0.000984291863799762i,0.000388879101965561+0.000179248662096776i,-1.7978467726196e-05-2.62470437865775e-06i,6.7409931443921e-05-9.4603128171103e-06i,-5.72287894098394e-06+4.87167155971216e-05i,-5.60316619001871e-05-2.44813819491241e-05i,6.12684901871669e-06-1.9678426471397e-05i,-1.12637286293025e-05+2.65632815250383e-06i,-2.35506006710004e-06-1.05087574698803e-05i,9.16214839197266e-06+4.27970536037692e-06i
0.00717605103803592+4.21420869747944e-08i,0.00464210438213711+3.01874071873461e-08i,0.00212100867498817+1.44254849649699e-08i,0.000787814287439824+4.67537987263733e-09i,0.000332321212876843+0i,2.75202369619184e-05-2.72143833891612e-09i,-2.16023485920238e-05-2.49851943667115e-09i,-3.51254231707951e-05-1.87711231501678e-09i,-4.80577618453968e-05-8.03415350025583e-10i,-1.72183572234012e-05+3.45916131864368e-10i,-3.46442208124361e-07+7.4638021664452e-10i,2.31029099934719e-06+9.05988120861662e-10i,7.75547073523895e-06+5.67280299638467e-10i,0.00294020531707367-7.28238393212924e-08i,-0.00178183768202992+4.44368313113773e-08i,0.000906175181583493-1.68136088468706e-08i,-0.000227297701041101+5.46492362224941e-09i,8.4713237039502e-05-2.03103685390283e-09i,-2.24047233004901e-06-1.82425838798341e-09i,-1.20662647928703e-05-1.29423749847496e-10i,1.07995190865335e-05+1.25518533581001e-10i,-1.1181008557986e-05+6.28376979002025e-10i,5.58081240550126e-06+6.27493131723009e-10i,6.04430141104935e-07-6.18448356268085e-10i,-1.84383354417031e-06+6.74577582257178e-11i,1.25341324473053e-06-5.19061608917412e-10i,0.00435763715514311-0.00174725064941357i,-0.00101951083380269-0.00282357317229868i,-0.00128907789016858+0.000368536919341658i,0.000179256221570499+0.000388895963222461i,0.000153030564763028-8.99909410391795e-05i,-8.65639142177977e-06+2.4668804057592e-06i,2.81526565946359e-05+2.750457407428e-06i,-4.06818243424498e-06-1.94597938852447e-05i,-2.21247674749248e-05+1.24613537895884e-05i,3.25267877243854e-06+7.66178671807134e-06i,-4.95857471667115e-06-1.08143389218564e-06i,-9.59379113721667e-07+4.45094907376023e-06i,3.65248078744045e-06-2.17051761015277e-06i,0.0043575645513572+0.00174719190235117i,-0.0010194758496346+0.00282353060832824i,-0.00128906503836656-0.000368522671928387i,0.000179247215186062-0.000388886312129511i,0.000153021977343559+8.99838178496366e-05i,-8.65741314073226e-06-2.47158509426142e-06i,2.81530415740389e-05-2.75388743105849e-06i,-4.06692887690084e-06+1.9458911555089e-05i,-2.21234715299643e-05-1.24597281596636e-05i,3.25230888603097e-06-7.65988124109131e-06i,-4.95964446183979e-06+1.08239045862255e-06i,-9.59769805854176e-07-4.45079607755914e-06i,3.65235257479755e-06+2.17013674849551e-06i
0.000468524817322658+4.17819896053228e-08i,0.000300139097341162+3.05681372037054e-08i,0.000141933693226587+1.59454214816907e-08i,6.18895698815987e-05+7.71644337506559e-09i,2.75202369619184e-05+2.72143833891612e-09i,5.01133038357124e-06+0i,9.30943180403078e-07-3.00642831705301e-10i,-2.53768780119419e-06-7.00588785422705e-10i,-3.94281935862677e-06-6.50622877581705e-10i,-1.63722822964008e-06-1.3849736916678e-10i,-8.75058274620539e-07+4.76863633761356e-11i,-2.66768442353694e-07+1.24840392832816e-10i,5.85002391655605e-07+1.92311203544497e-10i,4.9721681292002e-05-4.23494929999427e-08i,-1.76881947143193e-05+3.18741099302726e-08i,2.0647810442299e-05-1.30620527764009e-08i,-4.68010361532764e-06+5.02353250432554e-09i,2.23814581690012e-06-1.93885879367163e-09i,-1.79949810131966e-06-8.36356712699316e-10i,1.80448009177606e-06+9.76400800136951e-10i,-2.62827226072711e-07-5.48631548985074e-10i,-3.10999014668218e-08+6.50222254802968e-10i,2.95492572206792e-07-8.00564651386577e-11i,-7.37320711351228e-07-3.65211295800018e-10i,4.38627556244799e-07+2.37571950910156e-10i,-1.13443721033096e-07-2.24267971740626e-10i,6.14446883120543e-05-0.000170764095567535i,-9.98044477738793e-05-4.67718544619881e-05i,-1.43741792375071e-05+3.66737532778105e-05i,1.79757908992109e-05-2.61391589718027e-06i,-2.46658337549814e-06-8.65809826433596e-06i,-8.04297081126152e-07+2.93074787841623e-06i,2.90364957089097e-06+1.95690641869998e-07i,-5.9267116214678e-07-3.04730104041793e-07i,2.16135384846566e-07+1.26136459861001e-06i,3.08569437008897e-07-2.99090638329298e-07i,-9.77973940864581e-07-1.41594133221604e-07i,-7.70123077155214e-08+5.74544881948123e-07i,3.91241420912427e-08-2.4950069376043e-07i,6.14010258782051e-05+0.000170707594961501i,-9.97703768025027e-05+4.67537841779645e-05i,-1.43717793393038e-05-3.66561052000591e-05i,1.79672885879903e-05+2.61595669579738e-06i,-2.46895827323176e-06+8.65290756855039e-06i,-8.02723647962053e-07-2.93201031198797e-06i,2.90449833878057e-06-1.94905668893203e-07i,-5.92673371787248e-07+3.04976849753605e-07i,2.16276906137043e-07-1.26066215946e-06i,3.0812260884411e-07+2.99299470833179e-07i,-9.78379727587201e-07+1.41246874690462e-07i,-7.67155021488715e-08-5.74730155455296e-07i,3.91246563868691e-08+2.49474562721464e-07i
-0.000584349137115621+3.00037525288169e-08i,-0.000399770210240071+2.5754554954838e-08i,-0.000185888412750102+1.47188928001576e-08i,-5.81922895195315e-05+7.11058652360459e-09i,-2.16023485920238e-05+2.49851943667115e-09i,9.30943180403078e-07+3.0064283170529e-10i,5.24956632189997e-06+0i,3.50876091241124e-06-4.20001417852028e-10i,3.35324663004199e-06-5.05860445272621e-10i,1.08103722682962e-06-1.75266888959602e-10i,-9.8111729862337e-07-5.71839957841282e-11i,-8.69340030081871e-07-3.5450981093801e-11i,-6.19656203025366e-07+8.89483843288624e-11i,-0.00046268795348232-2.97884306922523e-08i,0.000280459971081058+2.67233252413796e-08i,-0.000120173152441485-1.25600287433462e-08i,3.02322825795681e-05+4.72265027735193e-09i,-1.20691504236806e-05-1.44194524639597e-09i,-1.80439492153099e-06-7.8319793568583e-10i,3.28637660566886e-06+1.24063419135893e-09i,-1.29290367394497e-06-7.25282891966697e-10i,1.6705462878407e-06+5.63871625631873e-10i,-4.5076938919495e-07-1.10719332472375e-10i,-8.62379430983802e-07-3.39080628073243e-10i,5.86098900463539e-07+2.56237167825997e-10i,-2.8200285347499e-07-1.65206672622137e-10i,-0.000649761801880623-2.54387115842159e-05i,-3.69485270231479e-05+0.000411933748517053i,0.000196095245248345+2.34717921736795e-05i,9.45113693178014e-06-6.74106904739412e-05i,-2.81527904600215e-05-2.75140881846363e-06i,-1.95897277375146e-07+2.90345600776683e-06i,-1.33738942107723e-06-8.89487754705395e-07i,-8.04329547786527e-07+2.88491985234895e-06i,3.92680227462635e-06+4.87758840816894e-07i,2.07660241800109e-07-1.60449340116234e-06i,-2.89760084200166e-07+7.18143004803098e-08i,1.06050853316708e-07-8.65178712132661e-08i,-5.66126030700075e-07-9.20236336014766e-08i,-0.00064976423372307+2.53943271695362e-05i,-3.69221035233497e-05-0.000411920578001473i,0.000196083370016568-2.34580793687809e-05i,9.44506834098003e-06+6.74062947335947e-05i,-2.81523415486475e-05+2.74792552981409e-06i,-1.94290763423222e-07-2.9042833714725e-06i,-1.33612168339235e-06+8.90782922228627e-07i,-8.04582812085451e-07-2.88410817840551e-06i,3.92647648180967e-06-4.87375198366959e-07i,2.07336721160968e-07+1.60444626468127e-06i,-2.90108893047223e-07-7.22130237069581e-08i,1.06325141166484e-07+8.61926083626131e-08i,-5.65982976206754e-07+9.19973531374406e-08i
-0.000767544262117607+1.61182593545179e-08i,-0.000510196550443477+1.3932286007866e-08i,-0.000239112401791726+8.2086766671687e-09i,-8.70520327994184e-05+4.31311170989835e-09i,-3.51254231707951e-05+1.87711231501678e-09i,-2.53768780119419e-06+7.00588785422705e-10i,3.50876091241124e-06+4.20001417852028e-10i,4.60408797260113e-06+0i,5.3085107011255e-06-1.95597167617395e-10i,1.9126545818605e-06-1.48167234959751e-10i,-1.67437565307553e-07-1.81330950332835e-10i,-5.30065004031818e-07-1.59143297697472e-10i,-9.16371908275139e-07-2.96837265994269e-11i,-0.000389744771772551-1.19794986468026e-08i,0.000226592894756561+1.2877971418148e-08i,-0.000105448552485654-6.14514262551318e-09i,2.61050694955666e-05+1.97250222466956e-09i,-1.08000662139599e-05-4.6187299879157e-10i,-2.62604804103206e-07-3.23150730367435e-10i,1.29256036203057e-06+7.3243794926715e-10i,-6.97524012931573e-07-3.1782056988047e-10i,1.27942868944879e-06+1.36868606389829e-10i,-5.25985984867092e-07-4.51817911261177e-11i,-2.0511083725435e-07-1.7067687432901e-10i,1.44786684032617e-07+1.3269056043252e-10i,-1.18436304520775e-07-1.84364996326283e-11i,-0.000528614107923248+9.79461738585025e-05i,4.04426497434616e-05+0.000341253463259405i,0.000157113524830131-7.78811339004315e-06i,-5.72648072345709e-06-4.87195705386363e-05i,-1.94597656135233e-05+4.06817817182133e-06i,5.92491895320707e-07+3.04541371439939e-07i,-2.88498977937406e-06-8.04332238235098e-07i,-5.02147268269852e-08+2.34274066130719e-06i,2.7796125223813e-06-5.80359583846514e-07i,-1.05469382419595e-07-1.01025111761168e-06i,4.08707226169109e-07+1.62355084022212e-07i,8.22939586135983e-08-4.29371672751919e-07i,-4.4221731422986e-07+1.28076989473417e-07i,-0.00052860664148056-9.79798293148093e-05i,4.04628950693329e-05-0.000341239787120828i,0.000157104226762409+7.79900102522542e-06i,-5.73119114162001e-06+4.87155635402468e-05i,-1.9458506218704e-05-4.07038655097643e-06i,5.9374535448858e-07-3.0435944987874e-07i,-2.88438037632519e-06+8.054142004726e-07i,-5.03122444724579e-08-2.34213031137769e-06i,2.77928893537868e-06+5.80573438825482e-07i,-1.05674747983888e-07+1.01005487192028e-06i,4.08653713754241e-07-1.62705322847101e-07i,8.24665869261599e-08+4.29173349678334e-07i,-4.42114865936955e-07-1.28105131994524e-07i
-0.00103307385572224+9.54132839688815e-10i,-0.000671204615030172+9.49563674286735e-10i,-0.000307620262052056+1.28713176115394e-09i,-0.000114613794427424+1.18082021728295e-09i,-4.80577618453968e-05+8.03415350025583e-10i,-3.94281935862677e-06+6.50622877581705e-10i,3.35324663004199e-06+5.05860445272621e-10i,5.3085107011255e-06+1.95597167617395e-10i,7.03599708046506e-06+0i,2.51257338915525e-06-1.05004263634162e-10i,7.55715587843278e-09-1.82882642487426e-10i,-4.04246125546275e-07-1.740510757712e-10i,-1.15572172529857e-06-6.99081275084794e-11i,-0.00041153134933024+8.73901802480737e-09i,0.000245924315600746-3.75090343896422e-09i,-0.000124126952956319+1.59653480047674e-09i,2.98674188060483e-05-9.43227086356022e-10i,-1.11792235462128e-05+5.7985149877075e-10i,3.11625001052766e-08-7.11759234019463e-11i,1.67009410407735e-06+3.33018780504066e-10i,-1.27925185118467e-06-8.14032023611904e-11i,1.40836535568317e-06-9.71849430548334e-11i,-7.03332993055894e-07-4.78604738857918e-11i,-1.28879340009103e-07-1.99480286953343e-11i,2.38041291791294e-07+5.14215489405196e-11i,-1.38707813368259e-07+5.95913449353804e-11i,-0.000624541379346663+0.000245107029676331i,0.000139855185592598+0.000404727313913498i,0.000185061603283886-4.94267733773661e-05i,-2.44838837122751e-05-5.60330605170246e-05i,-2.2124142981303e-05+1.24613430913584e-05i,1.2610902957675e-06-2.16212847052379e-07i,-3.92665532090157e-06-4.87732119396533e-07i,5.80271703488841e-07+2.77952589026523e-06i,3.1876206872009e-06-1.74945408382528e-06i,-4.50535000181783e-07-1.11783624573291e-06i,6.706616305421e-07+1.77483675128828e-07i,1.26973336928659e-07-6.13444769021336e-07i,-5.21486120002003e-07+3.16213965975434e-07i,-0.000624530125344169-0.000245121351842862i,0.000139863859903868-0.000404718273864297i,0.000185057539856929+4.94322455258231e-05i,-2.44861309079572e-05+5.60308852459506e-05i,-2.21228333338534e-05-1.24620043542197e-05i,1.2618466823952e-06+2.16753651395818e-07i,-3.92651598383408e-06+4.8858922195635e-07i,5.80194093644157e-07-2.77926546846664e-06i,3.1873909209517e-06+1.74944361501178e-06i,-4.50610120860996e-07+1.1175735638089e-06i,6.70767819018916e-07-1.77778441392101e-07i,1.27101737733339e-07+6.13377160455704e-07i,-5.21441799028418e-07-3.16189575817411e-07i
-0.000365160895478892-8.93777051985637e-09i,-0.000237983486190857-6.10976462054174e-09i,-0.000110591827861791-2.7337405721173e-09i,-4.11137151895012e-05-1.09814156864872e-09i,-1.72183572234012e-05-3.45916131864368e-10i,-1.63722822964008e-06+1.3849736916678e-10i,1.08103722682962e-06+1.75266888959602e-10i,1.9126545818605e-06+1.48167234959751e-10i,2.51257338915525e-06+1.05004263634162e-10i,9.44016576799929e-07+0i,5.93810879283187e-08-5.47993857138153e-11i,-1.26626105710779e-07-6.23457839085102e-11i,-4.01176449793238e-07-4.52459839813464e-11i,-0.000175436978962639+7.94179612064173e-09i,0.000105011150534981-5.34147263267282e-09i,-5.18054729658551e-05+2.14328375243758e-09i,1.39821176106833e-05-9.82142409114911e-10i,-5.57902336036579e-06+4.88087793614513e-10i,2.95349735528665e-07+4.08571902561218e-11i,4.50609373061765e-07-1.011956138319e-11i,-5.25834793844108e-07+3.36631256326802e-11i,7.03196828253913e-07-1.13569284420822e-10i,-3.29654406483859e-07+8.59010099978295e-12i,2.8086545762193e-08+3.37731171147425e-11i,3.83900455058561e-08-1.26304497311712e-11i,-7.75898243814827e-08+4.24411493073942e-11i,-0.000225388121544639+6.76366401663309e-05i,3.65731394010124e-05+0.000146319743164723i,6.64194268977094e-05-1.20189466541951e-05i,-6.12763340990455e-06-1.96810589301991e-05i,-7.66110359043321e-06+3.25310156954077e-06i,3.08483068397304e-07-2.9914770559396e-07i,-1.60440217155547e-06-2.07669922134984e-07i,1.0544590411477e-07+1.0101840944568e-06i,1.11777061610197e-06-4.50596987573035e-07i,-1.00889543282741e-07-3.74475832947786e-07i,3.10668977981772e-07+6.23633847284725e-08i,5.0250037269022e-08-2.61653442818055e-07i,-1.89248553958467e-07+8.46098542376262e-08i,-0.000225376576022644-6.76357109527821e-05i,3.65727344186712e-05-0.000146313346229113i,6.64175041870082e-05+1.20189306792627e-05i,-6.127341473789e-06+1.96800590196595e-05i,-7.66039780047218e-06-3.25266411566918e-06i,3.08463663544046e-07+2.99372727314182e-07i,-1.60444363488066e-06+2.07769923459571e-07i,1.05437570046167e-07-1.01014698959683e-06i,1.11768868189028e-06+4.50510870605756e-07i,-1.00846630671265e-07+3.74397868778973e-07i,3.10735450368415e-07-6.2380597639093e-08i,5.02339070151014e-08+2.61654779743241e-07i,-1.89228717750384e-07-8.46078344606608e-08i
2.79135639361227e-05-7.84462332494964e-09i,2.15382678285665e-05-6.90589670348302e-09i,8.85271732313031e-06-4.14516987479408e-09i,4.46183944681718e-07-2.1274454225738e-09i,-3.46442208124361e-07-7.4638021664452e-10i,-8.75058274620539e-07-4.76863633761356e-11i,-9.8111729862337e-07+5.71839957841282e-11i,-1.67437565307553e-07+1.81330950332835e-10i,7.55715587843278e-09+1.82882642487426e-10i,5.93810879283187e-08+5.47993857138155e-11i,3.08295308274864e-07+0i,1.85243552086007e-07-1.62296108966905e-11i,1.60498328997088e-08-4.74957917665334e-11i,4.86227433257821e-05+1.01167158385004e-08i,-3.15272979614604e-05-8.79680844580971e-09i,1.17515913380774e-05+4.02825006330345e-09i,-2.1614684384515e-06-1.3718621222321e-09i,6.05693708046786e-07+3.60535505101452e-10i,7.37309658208632e-07+3.02104749893884e-10i,-8.62463807130138e-07-3.78566226938599e-10i,2.05271603627802e-07+2.09898995203599e-10i,-1.29052526696456e-07-1.67272025815593e-10i,-2.80513978389919e-08+2.13455031984807e-11i,2.71967378142049e-07+1.09176028015947e-10i,-1.70813655131429e-07-7.42603529194873e-11i,4.67426705285778e-08+5.3506420264179e-11i,9.29389077567443e-05+1.69822309886768e-05i,1.23124256161604e-05-5.7563493422958e-05i,-2.88393654443777e-05-5.68666490405646e-06i,-2.65493215238644e-06+1.12624726073914e-05i,4.95886098495628e-06+1.08221795087437e-06i,1.41619123372988e-07-9.78016974236813e-07i,-2.8977772092557e-07+7.18209663113226e-08i,1.62378160033618e-07-4.08710363983894e-07i,-6.70738473964247e-07-1.77565283926631e-07i,-6.23706317046598e-08+3.10713131541366e-07i,2.14189113471339e-07+6.21034020919156e-09i,-1.47712225672586e-08-8.57701862048824e-08i,8.41583420297487e-08+3.4705528165019e-08i,9.29399751309866e-05-1.69604104300643e-05i,1.22993272605017e-05+5.75597634449992e-05i,-2.88358703188384e-05+5.67994183239782e-06i,-2.65207120161417e-06-1.12612364069211e-05i,4.95882115557133e-06-1.0807981309074e-06i,1.41204286679661e-07+9.78346800862171e-07i,-2.90160425764574e-07-7.20726256431559e-08i,1.62343552980599e-07+4.0849466238745e-07i,-6.70656697238646e-07+1.77381041129189e-07i,-6.22660754335851e-08-3.10724035961093e-07i,2.14309575218655e-07-6.1101629002515e-09i,-1.4830160611911e-08+8.58540290366342e-08i,8.41208565301038e-08-3.46845460474945e-08i
7.13712586770504e-05-8.49323747268944e-09i,4.96457596323141e-05-8.15597749344874e-09i,2.33577263777832e-05-4.74628622174801e-09i,6.80122564860344e-06-2.42338609353451e-09i,2.31029099934719e-06-9.05988120861662e-10i,-2.66768442353694e-07-1.24840392832816e-10i,-8.69340030081871e-07+3.5450981093801e-11i,-5.30065004031818e-07+1.59143297697472e-10i,-4.04246125546275e-07+1.740510757712e-10i,-1.26626105710779e-07+6.23457839085102e-11i,1.85243552086007e-07+1.62296108966905e-11i,1.74950240650811e-07+0i,8.70449048155257e-08-3.49344758460328e-11i,7.31608879933818e-05+1.5620622878789e-08i,-4.47520805339379e-05-1.31318743622638e-08i,1.83938495134082e-05+6.24047345360781e-09i,-4.57474869801712e-06-2.20973087227644e-09i,1.84462003677937e-06+6.79640264888629e-10i,4.38709011023786e-07+2.15519019556937e-10i,-5.86202916351738e-07-3.67777816299201e-10i,1.44901179050871e-07+2.05043991939637e-10i,-2.38144801810587e-07-1.63336258792786e-10i,3.83979647560918e-08+2.40310003019428e-11i,1.70826780673893e-07+9.65132172287881e-11i,-8.52228710925259e-08-5.90760056739552e-11i,3.94440602260217e-08+4.08700465345752e-11i,9.79767799692736e-05+1.36401899220839e-05i,1.15457207783739e-05-6.19226074614437e-05i,-2.97840216703301e-05-5.63658246969129e-06i,-2.35443953071648e-06+1.05102979763521e-05i,4.45117510803667e-06+9.59782531580453e-07i,7.70048983919071e-08-5.74538380634745e-07i,8.65549627673181e-08+1.06091326164918e-07i,8.23077467127061e-08-4.29396771487152e-07i,-6.13511461822071e-07-1.26990342594776e-07i,-5.02332809604151e-08+2.61687081382816e-07i,8.57619668611666e-08-1.47861866381454e-08i,4.80111309407722e-10-1.1423149118105e-08i,8.47696573822329e-08+1.2443733113759e-08i,9.79763159883141e-05-1.36155748737254e-05i,1.15307300139791e-05+6.19162107147808e-05i,-2.97787013880209e-05+5.62904683748193e-06i,-2.35141446260699e-06-1.05082512669636e-05i,4.4508649439383e-06-9.5842665306548e-07i,7.66551442594324e-08+5.74720135447738e-07i,8.61360720672134e-08-1.06262216717421e-07i,8.22164625643603e-08+4.29073662390898e-07i,-6.13377837651335e-07+1.26807915684172e-07i,-5.01441861608315e-08-2.61663050101334e-07i,8.58563447081258e-08+1.48607870743524e-08i,4.55515195306692e-10+1.15229622413849e-08i,8.47186811443596e-08-1.24083268868779e-08i
0.000167250944626014-4.96942239278994e-09i,0.000109165238296758-4.26173404084104e-09i,4.99320876812723e-05-2.50378645978112e-09i,1.86919065117851e-05-1.30541550207926e-09i,7.75547073523895e-06-5.67280299638467e-10i,5.85002391655605e-07-1.92311203544497e-10i,-6.19656203025366e-07-8.89483843288624e-11i,-9.16371908275139e-07+2.96837265994269e-11i,-1.15572172529857e-06+6.99081275084794e-11i,-4.01176449793238e-07+4.52459839813464e-11i,1.60498328997088e-08+4.74957917665334e-11i,8.70449048155257e-08+3.49344758460328e-11i,1.99845553517659e-07+0i,5.78919804922969e-05+3.51460160527945e-09i,-3.38688987482249e-05-3.75999937497123e-09i,1.70750871806777e-05+1.75423101519909e-09i,-3.46482720048616e-06-5.53649297594854e-10i,1.25349883111853e-06+1.29599036616794e-10i,1.13425915046774e-07+8.75109869003978e-11i,-2.81938960728298e-07-1.87925945742414e-10i,1.18434589572763e-07+7.32299927688844e-11i,-1.38740706361117e-07-3.24469900273687e-11i,7.76131713763893e-08+1.45532329028128e-11i,4.6706842701208e-08+4.15792922595921e-11i,-3.94158746590597e-08-3.2491234819687e-11i,4.06157668918338e-09+4.09902667376778e-12i,0.000100205469283992-4.24144141548568e-05i,-2.39502381482236e-05-6.48410194742455e-05i,-2.97976395281657e-05+8.44949989484365e-06i,4.27988839634989e-06+9.16305074076089e-06i,3.65266148165928e-06-2.17023432056788e-06i,-2.4942395953628e-07-3.91121807378771e-08i,5.66137462872059e-07+9.20129010048528e-08i,-1.28058879858598e-07-4.42239043320703e-07i,-5.21528122864618e-07+3.16183326138747e-07i,8.45892665293204e-08+1.89269450870799e-07i,-8.41514803367142e-08-3.46877529991598e-08i,-1.24338200913311e-08+8.47623226663398e-08i,8.32454951082413e-08-6.10073539884158e-08i,0.000100203793668103+4.24245193704366e-05i,-2.39563886707232e-05+6.48373026347321e-05i,-2.97950174457569e-05-8.45289037785684e-06i,4.28140529409859e-06-9.16191637898696e-06i,3.65230908607546e-06+2.17093755547601e-06i,-2.49760378158967e-07+3.90383170776534e-08i,5.65988550400442e-07-9.22772688441393e-08i,-1.2806291313515e-07+4.42084370925992e-07i,-5.21442827339057e-07-3.16254415500518e-07i,8.46495429111643e-08-1.89209503122425e-07i,-8.41483892089146e-08+3.47908308824062e-08i,-1.2487569009773e-08-8.47252584645486e-08i,8.32254865399892e-08+6.10074439908605e-08i
0.090606483729471-4.15912883172723e-08i,0.0569127103239038+3.71758687757362e-08i,0.0278712938745758+2.60391836911647e-08i,0.00773952594132978+6.59739928371216e-08i,0.00294020531707367+7.28238393212924e-08i,4.9721681292002e-05+4.23494929999427e-08i,-0.00046268795348232+2.97884306922523e-08i,-0.000389744771772551+1.19794986468026e-08i,-0.00041153134933024-8.73901802480737e-09i,-0.000175436978962639-7.94179612064173e-09i,4.86227433257821e-05-1.01167158385004e-08i,7.31608879933818e-05-1.5620622878789e-08i,5.78919804922969e-05-3.51460160527945e-09i,0.164753019551358+0i,-0.105882429151716-2.61813023171901e-09i,0.04820456745338+1.55265200135645e-09i,-0.0171638414017544-3.64697809041228e-08i,0.0071760726765011+2.26831747835065e-08i,-0.000468556862703441-7.6089385752737e-09i,-0.000584298942097622+1.68820615028347e-08i,0.000767508515683903-9.62842553598032e-09i,-0.00103306420045144+6.22965185373674e-09i,0.000365158030742977-7.87773294333398e-09i,2.79134099255596e-05-4.24212563797291e-09i,-7.13605220230935e-05+9.7619645073871e-09i,0.000167241387420777-5.24021526984635e-09i,0.118320808596022+0.0329335325902833i,0.0198783455174436-0.0762720706324836i,-0.0351268768940862-0.00748490872490407i,-0.00358576478454369+0.0109260298473621i,0.00435759168230592+0.00174721628955104i,0.000170705644864288-6.14248499248511e-05i,0.000649755574983713-2.53745685233835e-05i,9.79777009693663e-05-0.000528611698020929i,-0.000624533076467196-0.000245115882047896i,-6.76317720685832e-05+0.000225382119616458i,-9.29378925198068e-05+1.69535866397568e-05i,1.36114459521604e-05+9.79779124749281e-05i,0.00010020295941947+4.24277223824438e-05i,0.118320848097629-0.0329334111857511i,0.0198783110677726+0.0762721617558795i,-0.0351269371823934+0.00748489047129938i,-0.00358580106382355-0.0109260927416346i,0.00435762366813377-0.00174726604333404i,0.00017077291951791+6.14453111898862e-05i,0.000649734900816202+2.54473913795878e-05i,9.79574852474006e-05+0.00052859961244155i,-0.000624534712576553+0.000245115370463097i,-6.76455126138191e-05-0.000225387262376054i,-9.29324245872895e-05-1.69891369994249e-05i,1.36392212855903e-05-9.79691734964555e-05i,0.000100200978648622-4.24140106839689e-05i
-0.056912565754718+1.53877553637941e-07i,-0.0353124892905123+5.67936841360025e-08i,-0.0171622677897896+1.74238501439203e-08i,-0.0046573650245844-3.17940729155011e-08i,-0.00178183768202992-4.44368313113773e-08i,-1.76881947143193e-05-3.18741099302726e-08i,0.000280459971081058-2.67233252413796e-08i,0.000226592894756561-1.2877971418148e-08i,0.000245924315600746+3.75090343896422e-09i,0.000105011150534981+5.34147263267282e-09i,-3.15272979614604e-05+8.79680844580971e-09i,-4.47520805339379e-05+1.31318743622638e-08i,-3.38688987482249e-05+3.75999937497123e-09i,-0.105882429151716+2.61813023171901e-09i,0.0685600606060523+0i,-0.0313387528467538+3.55951163561839e-09i,0.0111699808050097+2.59151932264603e-08i,-0.00464212300676049-1.7863359266992e-08i,0.000300155191166665+6.52596760215087e-09i,0.00039974696124036-1.51772205999844e-08i,-0.000510177054055284+8.68470258328461e-09i,0.00067119819530775-3.73433731449597e-09i,-0.000237979738456633+4.54524595024731e-09i,-2.15413615739544e-05+3.98290389122123e-09i,4.96408694061064e-05-7.62474263544525e-09i,-0.000109159186935549+3.51485463655747e-09i,-0.0762719512127225-0.0198783141688561i,-0.0114910401194559+0.0491209705811974i,0.0226450159531845+0.00409941097787294i,0.00200301975549939-0.00707080903092363i,-0.00282355121318814-0.00101948865451929i,-9.97644993564341e-05+4.67712944749429e-05i,-0.000411914009788446+3.69066000661089e-05i,-4.04633465581337e-05+0.000341241375337133i,0.000404719028671457+0.000139861684555141i,3.65708236182485e-05-0.000146316070602113i,5.75592166915772e-05-1.22950007762737e-05i,-1.15277881284982e-05-6.19174800898118e-05i,-6.48367712148096e-05-2.39587888547849e-05i,-0.076272098912792+0.0198782875101901i,-0.0114910598730758-0.0491211034563837i,0.0226450798241404-0.00409941884767654i,0.0020030447651933+0.00707086109871114i,-0.00282357803188441+0.00101952602851432i,-9.98190381791762e-05-4.67841934048146e-05i,-0.00041190205359171-3.69656676142231e-05i,-4.04437629836553e-05-0.000341235370881215i,0.000404721284016278-0.000139859447498025i,3.65801367749251e-05+0.000146319622545708i,5.75558796942592e-05+1.23200247790401e-05i,-1.15479198421298e-05+6.19130785352506e-05i,-6.4836376353919e-05+2.39492411983454e-05i
0.0278711798204612-1.09193317384878e-07i,0.0171622368787628-4.78512692961477e-08i,0.00824339218835084-1.51422631520232e-08i,0.00230582450224201+1.021682035396e-08i,0.000906175181583493+1.68136088468706e-08i,2.0647810442299e-05+1.30620527764009e-08i,-0.000120173152441485+1.25600287433462e-08i,-0.000105448552485654+6.14514262551318e-09i,-0.000124126952956319-1.59653480047674e-09i,-5.18054729658551e-05-2.14328375243758e-09i,1.17515913380774e-05-4.02825006330345e-09i,1.83938495134082e-05-6.24047345360781e-09i,1.70750871806777e-05-1.75423101519909e-09i,0.04820456745338-1.55265200135645e-09i,-0.0313387528467538-3.55951163561839e-09i,0.0144426043509615+0i,-0.00513503425181559-1.44837249634064e-08i,0.00212101955382326+1.08126794479848e-08i,-0.000141941780076252-6.21520399267742e-09i,-0.000185878726187141+9.14107394682153e-09i,0.00023910394414679-5.0929891246701e-09i,-0.000307618183907908+2.11288766060977e-09i,0.000110590602828839-1.34953404131451e-09i,8.85415741213092e-06-2.9246308161753e-09i,-2.33554996667191e-05+4.10416946944072e-09i,4.99292087070583e-05-2.07743511903952e-09i,0.0351267712720305+0.00748485740800249i,0.00409939102414007-0.0226449792719538i,-0.0104221484207128-0.00135874628461941i,-0.000684846359459586+0.0032357794022807i,0.00128907409791438+0.000368528267469747i,3.66521876291344e-05-1.43804645323747e-05i,0.000196080008219559-2.3450000255008e-05i,7.80021222661534e-06-0.000157104226973324i,-0.000185057249240912-4.94321680704245e-05i,-1.20187753045048e-05+6.64186026749885e-05i,-2.88357777585441e-05+5.67846856898088e-06i,5.62784302639399e-06+2.9779361889225e-05i,2.97945850096691e-05+8.45398414914614e-06i,0.0351268816769319-0.00748484524662989i,0.00409939947236942+0.0226450655984523i,-0.0104221879541093+0.00135874531922052i,-0.000684855469951865-0.00323580398555574i,0.00128908323848877-0.0003685476688135i,3.66798380398854e-05+1.43806473287639e-05i,0.000196076700908397+2.34793516206793e-05i,7.7893365513178e-06+0.000157101939107731i,-0.000185058071599912+4.94310310970963e-05i,-1.20232017489059e-05-6.64186966390018e-05i,-2.88356496459133e-05-5.68986771537317e-06i,5.63737577646851e-06-2.97780814507294e-05i,2.97948944912718e-05-8.44976299666468e-06i
-0.00773952364073526+9.2751922669921e-08i,-0.00465737656080777+4.65919269610021e-08i,-0.00230583386441578+1.61141345589603e-08i,-0.000590999950048358-2.03910840486996e-09i,-0.000227297701041101-5.46492362224941e-09i,-4.68010361532764e-06-5.02353250432554e-09i,3.02322825795681e-05-4.72265027735193e-09i,2.61050694955666e-05-1.97250222466956e-09i,2.98674188060483e-05+9.43227086356022e-10i,1.39821176106833e-05+9.82142409114911e-10i,-2.1614684384515e-06+1.3718621222321e-09i,-4.57474869801712e-06+2.20973087227644e-09i,-3.46482720048616e-06+5.53649297594854e-10i,-0.0171638414017544+3.64697809042313e-08i,0.0111699808050097-2.59151932264603e-08i,-0.00513503425181559+1.44837249634064e-08i,0.00188845798414795+0i,-0.000787819047088902-2.13204451013765e-09i,6.18943576322428e-05+2.94226680615039e-09i,5.81879297585049e-05-4.94549116965238e-09i,-8.70485539115582e-05+3.03897406634951e-09i,0.000114612535259026-1.81115874026308e-09i,-4.11131872789838e-05+1.04315729273946e-09i,-4.4647210192791e-07+1.39968296767295e-09i,6.80032156632844e-06-1.90713153859395e-09i,-1.86907039379121e-05+9.69190354417129e-10i,-0.0109259915315918-0.00358565398697764i,-0.00200295126058438+0.00707079113622988i,0.00323577390880649+0.000684818043828542i,0.00034207306002273-0.000984292868729689i,-0.000388889916203856-0.000179249046721432i,-1.79655597196866e-05-2.61244219388331e-06i,-6.74053583879246e-05+9.44178438012341e-06i,-5.7315486797367e-06+4.87160474357672e-05i,5.60303607608449e-05+2.448615659304e-05i,6.12731154246003e-06-1.96801408932912e-05i,1.12611443502177e-05-2.65127569031091e-06i,-2.35080124385781e-06-1.05086483126448e-05i,-9.16181271505442e-06-4.2818781073376e-06i,-0.0109260758718437+0.00358575301141476i,-0.00200301756177442-0.00707085889253555i,0.00323580623698449-0.00068484647396933i,0.000342085217610236+0.000984310267813948i,-0.000388896876184252+0.000179259306466684i,-1.79766748815659e-05+2.61301310188029e-06i,-6.74054783996418e-05-9.45370998577945e-06i,-5.7276071995868e-06-4.87158489602464e-05i,5.60315005623283e-05-2.44861427614468e-05i,6.12927508858835e-06+1.96806087098449e-05i,1.12616466999888e-05+2.65596782783813e-06i,-2.35449154298414e-06+1.05086400138227e-05i,-9.16212164233247e-06+4.28036640037964e-06i
0.00294020582894313-5.58482721500287e-08i,0.00178183943757691-2.83503611575888e-08i,0.000906178251555466-1.00466740718221e-08i,0.00022729675106992+1.40186191871847e-10i,8.4713237039502e-05+2.03103685390283e-09i,2.23814581690012e-06+1.93885879367163e-09i,-1.20691504236806e-05+1.44194524639597e-09i,-1.08000662139599e-05+4.6187299879157e-10i,-1.11792235462128e-05-5.7985149877075e-10i,-5.57902336036579e-06-4.88087793614513e-10i,6.05693708046786e-07-3.60535505101452e-10i,1.84462003677937e-06-6.79640264888629e-10i,1.25349883111853e-06-1.29599036616794e-10i,0.0071760726765011-2.26831747835065e-08i,-0.00464212300676049+1.7863359266992e-08i,0.00212101955382326-1.08126794479848e-08i,-0.000787819047088902+2.13204451013765e-09i,0.000332326135131137+0i,-2.7523735369877e-05-8.13309198127589e-10i,-2.15996384296751e-05+1.91332740622871e-09i,3.51240066589892e-05-1.40628580225471e-09i,-4.80575533885466e-05+9.98147130024767e-10i,1.72184355031249e-05-6.6181146891393e-10i,-3.46646799215854e-07-4.81893697144387e-10i,-2.30976555361649e-06+7.84576776328223e-10i,7.75496421284273e-06-4.09758325313033e-10i,0.00435755989303439+0.0017471704683628i,0.00101946022974082-0.00282352715635473i,-0.00128906067009245-0.000368517902852833i,-0.000179250116268956+0.000388884488338134i,0.00015302478357323+8.99855444552008e-05i,8.65293634563587e-06+2.46748828719156e-06i,2.81522122863875e-05-2.74706747787419e-06i,4.07028880706721e-06-1.94591857296047e-05i,-2.21227951234806e-05-1.24620259218038e-05i,-3.25269438597714e-06+7.66043915456938e-06i,-4.95869335563938e-06+1.08046950822746e-06i,9.58164342028714e-07+4.45102991183152e-06i,3.65232538627659e-06+2.17113547741576e-06i,0.00435762456509339-0.00174723709960817i,0.00101950353023986+0.00282357840998226i,-0.00128908507202549+0.000368536966744781i,-0.000179256969374121-0.000388897206708418i,0.000153030386732432-8.99895646200503e-05i,8.65649479160119e-06-2.46726476776994e-06i,2.81523677286163e-05+2.75103448271001e-06i,4.0692270638463e-06+1.94592297351584e-05i,-2.21237437858566e-05+1.24621359489995e-05i,-3.25342410274124e-06-7.66094083656827e-06i,-4.95898609454928e-06-1.08224295876497e-06i,9.59495293789523e-07-4.45104706111102e-06i,3.65245387540493e-06-2.17053811595097e-06i
