0.203039371059382+0i,0.0921612442248322+3.06514265481254e-10i,0.0295680423022116-2.5675916210862e-09i,0.00789185793136409+9.96841925276831e-10i,0.0017548261790351-4.11832164234403e-09i,-0.000641755546279633-5.03293245372421e-09i,-0.000159418948602323+2.14743378087749e-09i,-0.000252028133645871-2.2123294529023e-09i,-0.000198560417263089-6.23010931660382e-09i,8.17788795807129e-05+1.30333491919406e-09i,3.39226600784926e-06-7.48186460475366e-12i,2.80680025931301e-05-2.56614912380236e-09i,5.47973635959167e-05+2.8620797681282e-09i,0.0861062092408899+6.9690336857382e-09i,-0.0377708313897992-1.1703430064816e-08i,0.0133574652568648+5.33514018853462e-09i,-0.00262399787728824+1.16928157503517e-09i,0.000387234884478155+6.6019974445228e-09i,0.000365437064966065+1.99162336499314e-08i,-8.61554794154899e-05+1.93756800279534e-09i,6.72628966012543e-05-2.02550824047263e-09i,-2.29700596849183e-05-3.41486713225385e-09i,-5.0953682253002e-05-3.22991725964757e-09i,4.48487126021621e-06-1.88666356881675e-09i,-1.23507218488324e-05-1.5247059554797e-09i,1.182796132009e-05+2.98190928012002e-09i,0.120957397043693-0.0534947953874106i,-0.0231348199354251-0.0557197368645762i,-0.0180933886565675+0.00655168157063018i,0.0021721389236813+0.00408348278797817i,0.000775494795425121-0.000561358497585742i,8.93778113349329e-05+0.00047502799478903i,0.000132013263647389+3.07375686860236e-05i,-7.25285594162839e-05-9.53261837025478e-05i,-6.6673392422608e-05+7.79909728106551e-05i,-1.45410996117895e-05-5.97576087160014e-05i,-9.67959958861822e-06-1.09928423231486e-05i,3.56465578927226e-06+1.2738926050905e-05i,2.16934746159346e-05-2.05669256316574e-05i,0.120957402387955+0.0534947896010288i,-0.0231348257793903+0.0557197342808464i,-0.0180933810945706-0.0065516708522985i,0.00217212895094933-0.00408348450692221i,0.000775486860258591+0.000561365370107719i,8.93567219289064e-05-0.000475022286636709i,0.000132011597619223-3.07309780036159e-05i,-7.25455621960069e-05+9.53336390020512e-05i,-6.66807649949326e-05-7.79897102604288e-05i,-1.45385930173921e-05+5.97581170890137e-05i,-9.68615932582911e-06+1.09904411463703e-05i,3.57258024517696e-06-1.27375302092116e-05i,2.16934486396596e-05+2.05670129569417e-05i
0.0921612442248322-3.06514265481254e-10i,0.0422250118016775+0i,0.0135872993725909-9.62183543422289e-10i,0.00362436112600215+8.39384532025533e-11i,0.000808467252292038-1.48359364090524e-09i,-0.000299543713969923-2.35293659842082e-09i,-8.57129934547101e-05+1.12527756041237e-09i,-0.000116019473525372-1.09249093009058e-09i,-9.04421152963215e-05-2.98319442814547e-09i,3.70637040115122e-05+6.37238255325659e-10i,3.83815359348887e-06-6.31648683996545e-11i,1.33604566472927e-05-1.02698816432125e-09i,2.4637567341066e-05+1.380768271978e-09i,0.0377708131662934+1.02960353341189e-08i,-0.0162672485324896-8.30336924315134e-09i,0.00572235884923998+3.24141631363398e-09i,-0.00108539057505578+4.88287305867206e-10i,0.000148170549917013+2.95056633352426e-09i,0.000156500726329905+8.74244454997547e-09i,-2.74593298156143e-05+1.07716619651869e-09i,2.55163764258238e-05-9.26839434271495e-10i,-7.7691420924667e-06-1.41023657272786e-09i,-2.2719218536144e-05-1.40472036864396e-09i,3.2179493913277e-07-9.78532923639402e-10i,-4.68400800908528e-06-5.53396502476775e-10i,4.96872932901253e-06+1.17663932687562e-09i,0.0557197237548737-0.023134822221712i,-0.00965405539643445-0.025615681043268i,-0.00832630604930589+0.00265936580594339i,0.000891127802520407+0.00189119838501863i,0.000361270603973785-0.000229752029607281i,3.14022391796335e-05+0.000216980249194212i,5.94236803489981e-05+2.62901043981684e-05i,-2.89624638181341e-05-4.50589880444765e-05i,-3.16564386242066e-05+3.33031408529968e-05i,-6.44614148423267e-06-2.73947736277362e-05i,-4.19960136090488e-06-6.84143611312682e-06i,8.15688946943258e-07+5.95870491846136e-06i,1.02142867352421e-05-9.08572423147104e-06i,0.0557197321020602+0.0231348257831576i,-0.00965406061552933+0.0256156825000568i,-0.00832630330782055-0.002659361828133i,0.000891122845810864-0.00189119933093219i,0.000361267053704256+0.00022975545013243i,3.13924790208037e-05-0.000216977952204668i,5.94228615006276e-05-2.62870767011869e-05i,-2.8970213089694e-05+4.5061999119567e-05i,-3.16593460733077e-05-3.33026864809475e-05i,-6.44500622312031e-06+2.7394986556478e-05i,-4.20234341237575e-06+6.8404701479041e-06i,8.19170823668454e-07-5.95786462843238e-06i,1.02140636749289e-05+9.08580501440208e-06i
0.0295680423022116+2.5675916210862e-09i,0.0135872993725909+9.62183543422289e-10i,0.00439567182090768+0i,0.00116869088121978+6.14575346081205e-11i,0.000260190263778745-1.27639735692083e-10i,-9.75187223155499e-05-8.40479520811502e-10i,-2.97852180024345e-05+3.09604786100481e-10i,-3.77817253599505e-05-4.63006481320644e-10i,-2.89004538208763e-05-9.35558459380775e-10i,1.19302267087766e-05+2.22986064668455e-10i,1.59007232082172e-06-5.67418112237663e-11i,4.47669764299963e-06-2.29021676944363e-10i,7.85068898376698e-06+4.6543671731504e-10i,0.013357459770264+2.92966890996909e-09i,-0.00572235885288216-2.50114786765233e-09i,0.00198763003396215+1.09118606343964e-09i,-0.000394394233418815+2.23533393193913e-10i,5.86092470755537e-05+1.06256234607114e-09i,5.21957307582532e-05+2.62944908886831e-09i,-7.65764398663051e-06+3.42590139775884e-10i,9.89717770470793e-06-1.73091455474729e-11i,-4.06079557608527e-06-4.68027680754438e-10i,-7.6946983732579e-06-4.62899448964492e-10i,-2.49741736533324e-07-3.51542609691421e-10i,-1.62935537234869e-06-2.51833842233399e-10i,2.05346888429245e-06+4.08577893670119e-10i,0.018093382162214-0.0065516865809069i,-0.0026593678381113-0.00832630470077214i,-0.00270201115437991+0.000716130180973168i,0.000242161692504889+0.000610297566895581i,0.000115893197991918-6.22981941062879e-05i,7.37332055435452e-06+7.09726284820497e-05i,1.93105166459656e-05+1.0211821503346e-05i,-7.69013761851156e-06-1.41649706059032e-05i,-9.99515289145585e-06+9.33225954838929e-06i,-1.8609116401933e-06-8.97185999680025e-06i,-1.37164746060755e-06-2.38708162331517e-06i,8.30827366948059e-08+1.85922107747213e-06i,3.25203536729827e-06-2.61304118533825e-06i,0.018093381141535+0.00655167261523505i,-0.00265936258043118+0.00832630349865208i,-0.00270200978563761-0.00071612587597688i,0.000242158823315055-0.00061029765434693i,0.000115892212267661+6.22994208051425e-05i,7.37034705432076e-06-7.09720019262529e-05i,1.93101706088863e-05-1.02106686184256e-05i,-7.692847987558e-06+1.41657157593253e-05i,-9.99597429212046e-06-9.33223156934235e-06i,-1.86062285715943e-06+8.97197007672862e-06i,-1.37243284417575e-06+2.38681285500879e-06i,8.42697387442683e-08-1.85887012851307e-06i,3.25191388547234e-06+2.61325666475737e-06i
0.00789185793136409-9.96841925276831e-10i,0.00362436112600215-8.39384532025533e-11i,0.00116869088121978-6.14575346081205e-11i,0.000319262917809581+0i,7.25959405449301e-05+8.2377509155487e-11i,-2.50530424067368e-05-1.51866303261057e-10i,-7.71837103433087e-06-3.04657179384386e-11i,-1.06970063249102e-05-2.449171924834e-10i,-8.27384984783624e-06-3.2817378489924e-10i,3.05123300095306e-06+6.1340655989557e-11i,3.68930784167628e-07+2.89812934244577e-11i,1.24398064908193e-06-4.33686873119558e-11i,2.20783284124098e-06+1.70711757435829e-10i,0.00262399196144187-1.85095033398749e-09i,-0.00108538772177061+8.45284510941554e-10i,0.000394393147315588-1.32280870827952e-10i,-6.96188733942572e-05+2.59502329207243e-10i,7.60402955071824e-06+3.98930673124865e-10i,1.07535507337421e-05+7.05431945284654e-10i,-1.13470669875801e-06-1.36796732573717e-11i,1.72958920435073e-06+1.34492623117335e-10i,-2.22939692298079e-07-1.72693682146406e-10i,-1.6923751177062e-06-1.49430740043136e-10i,-1.17837113043671e-07-1.04282245704758e-10i,-3.52440608207551e-07-1.19204689115254e-10i,3.1667867006057e-07+1.87388693240394e-10i,0.00408348203345761-0.00217213674258521i,-0.000891125975652202-0.0018911974921078i,-0.000610297297690417+0.000242160740968949i,8.17121656002424e-05+0.000134447981571898i,2.49203371683234e-05-2.10473034446791e-05i,2.59913910095141e-06+1.65449283951562e-05i,4.55904601234708e-06+3.02786904802861e-06i,-2.6204080187251e-06-2.78071940348677e-06i,-2.00303347707555e-06+3.10398214618835e-06i,-6.00928036364677e-07-2.06901212701991e-06i,-3.56837739426867e-07-7.389027044038e-07i,4.55452911095044e-08+3.64001372135057e-07i,6.7410711743294e-07-8.59101329214404e-07i,0.00408348460337628+0.00217212320868981i,-0.000891120043870069+0.00189119911645385i,-0.000610297517247312-0.000242157835000413i,8.17105728438064e-05-0.000134448284035808i,2.49200271190164e-05+2.10477351474463e-05i,2.59836396281044e-06-1.6544672197778e-05i,4.55897720649752e-06-3.02774295156188e-06i,-2.62120494637728e-06+2.78085927259019e-06i,-2.00321135911976e-06-3.10399064866927e-06i,-6.0086197547681e-07+2.06906464780135e-06i,-3.57064813755696e-07+7.38907401788212e-07i,4.59199761912764e-08-3.63816308318992e-07i,6.74027629010809e-07+8.59161952342905e-07i
0.0017548261790351+4.11832164234403e-09i,0.000808467252292038+1.48359364090524e-09i,0.000260190263778745+1.27639735692083e-10i,7.25959405449301e-05-8.2377509155487e-11i,1.69607419386856e-05+0i,-5.41601219959606e-06-1.79591367643677e-11i,-1.74264934252049e-06+1.87169142225915e-14i,-2.48574510976555e-06-3.69159232505729e-11i,-1.9853753463483e-06-7.83835823524663e-11i,6.37077881048307e-07+1.65759579173433e-11i,7.83740301926667e-08+1.49949121631567e-11i,2.80315118320424e-07-1.51896499507657e-11i,5.20327604783192e-07+4.90442417561638e-11i,0.000387227616911251-2.47060370080019e-09i,-0.000148168061064538+6.05120737859735e-10i,5.86084116868348e-05-3.00089921508336e-10i,-7.60369706200411e-06+3.46998190462325e-10i,2.04484914951939e-08+1.84700549870065e-11i,1.67451889490378e-06+1.19543679905303e-10i,9.66332994570218e-09+7.10216057053631e-14i,1.43450156939389e-07+9.03186277026599e-12i,1.12436410956998e-07-2.37552142668562e-11i,-2.82500922624862e-07-2.22910966689259e-11i,-5.62543789770712e-08-3.41030526712904e-11i,-4.60743217369577e-08-2.00161576558939e-11i,2.9375556744818e-08+5.00413059777098e-11i,0.000775496819902646-0.000561353588531982i,-0.000229750023301321-0.000361271934103118i,-0.000115893806244255+6.22974031058615e-05i,2.10472354109022e-05+2.49204814651198e-05i,4.4695394437948e-06-5.42384036582519e-06i,6.60414259753878e-07+3.2513148727835e-06i,9.12874970361851e-07+8.05648894535134e-07i,-6.75114856442856e-07-4.72895606064498e-07i,-3.11510029861192e-07+8.03417098074177e-07i,-1.55819931357009e-07-4.18583525338025e-07i,-7.42849524749751e-08-1.94344393497686e-07i,1.04791913511326e-08+6.44868704755803e-08i,1.11989510121016e-07-2.22332558822591e-07i,0.000775486872659293+0.000561365805852113i,-0.000229755758312177+0.000361267175169846i,-0.000115892290244431-6.22994742252545e-05i,2.1047798286139e-05-2.49200402104572e-05i,4.46937512348735e-06+5.42414537265593e-06i,6.6037466689652e-07-3.25114217281023e-06i,9.12816126529622e-07-8.05581769602593e-07i,-6.75368194441798e-07+4.72876124167959e-07i,-3.11519418298123e-07-8.03453601091625e-07i,-1.55823946252251e-07+4.18566613995694e-07i,-7.43105074821018e-08+1.94335815573192e-07i,1.05876414883125e-08-6.44172830488975e-08i,1.11954252198603e-07+2.22337533492833e-07i
-0.000641755546279633+5.03293245372421e-09i,-0.000299543713969923+2.35293659842082e-09i,-9.75187223155499e-05+8.40479520811502e-10i,-2.50530424067368e-05+1.51866303261057e-10i,-5.41601219959606e-06+1.79591367643677e-11i,2.35855919816167e-06+0i,8.11063331103255e-07-3.83852720038796e-11i,7.74290412472212e-07-4.52039973054238e-12i,5.65739176275136e-07+1.43766105922887e-11i,-2.88039351264961e-07-6.81219060431479e-13i,-6.78629260194887e-08+1.33735652088962e-11i,-1.01862026230166e-07+1.32500976366748e-12i,-1.54615434739876e-07-4.45294090415185e-12i,-0.000365452070013455+1.14085213515318e-08i,0.000156507315413547-5.20834965401092e-09i,-5.21977462035464e-05+1.69487974508017e-09i,1.07542550920617e-05-4.49504315954359e-10i,-1.67455889959095e-06+1.01423161330963e-10i,-1.31324722588471e-06-2.17988903914227e-11i,1.1805540166886e-07-3.76858744472102e-11i,-2.39264260734111e-07+3.24493545931932e-11i,1.26099019631662e-07-1.1809863940629e-11i,1.94628771787824e-07+4.60964237156796e-12i,2.01951002633657e-08+7.81211007471737e-12i,2.9979803703138e-08-1.0160868386309e-11i,-5.78326712726766e-08+1.49888900878932e-11i,-0.000475028750358022+8.9363398729871e-05i,3.13957358230755e-05+0.000216980522800965i,7.09727354914972e-05-7.37125677422105e-06i,-2.59848138149571e-06-1.65449463333987e-05i,-3.25121136862071e-06+6.60357550221067e-07i,2.98981083547747e-09-1.78298473785153e-06i,-4.80098186341007e-07-3.2072036379384e-07i,7.17674489394688e-08+4.30184486471815e-07i,3.08627371362982e-07-1.25482468351707e-07i,2.80507890292024e-08+2.2339283830143e-07i,3.06235400444993e-08+5.82434284581587e-08i,1.08053819285563e-08-5.59017591331076e-08i,-9.61165228588825e-08+3.86164944641177e-08i,-0.000475023330175145-8.93517993329764e-05i,3.13903010457762e-05-0.000216978399086485i,7.09721465028489e-05+7.36960294600079e-06i,-2.59814326562493e-06+1.65447098811459e-05i,-3.25112941583494e-06-6.6031898318428e-07i,3.13732996540744e-09+1.78303452405553e-06i,-4.80106420710524e-07+3.20694037668814e-07i,7.18038467554646e-08-4.30187469292236e-07i,3.08620761485394e-07+1.25473856251916e-07i,2.80349550126891e-08-2.23403317310701e-07i,3.06363932495643e-08-5.82424235609187e-08i,1.08002325687267e-08+5.58998661738603e-08i,-9.61088902151446e-08-3.86200071465482e-08i
-0.000159418948602323-2.14743378087749e-09i,-8.57129934547101e-05-1.12527756041237e-09i,-2.97852180024345e-05-3.09604786100481e-10i,-7.71837103433087e-06+3.04657179384386e-11i,-1.74264934252049e-06-1.87169142225915e-14i,8.11063331103255e-07+3.83852720038796e-11i,6.35119114441151e-07+0i,2.7974299840633e-07+5.19781302693747e-12i,1.50953640216327e-07+9.29959412268246e-12i,-6.73050986486147e-08-6.43933751083494e-12i,-8.8938245367888e-08-6.60799219761822e-13i,-5.2020639867878e-08-7.00205376175355e-12i,-3.16290501298292e-08-7.08285323239824e-12i,-8.61677780876687e-05-7.2879829291583e-09i,2.74640921567588e-05+3.28536715228836e-09i,-7.65906960564206e-06-9.23159474510354e-10i,1.13534427082157e-06+1.93073398126619e-10i,9.56569023638391e-09-4.27940529270674e-11i,-1.18020588163754e-07-2.98986117028685e-11i,-3.06422799754691e-07-4.37080411042849e-12i,4.70728947062818e-09-1.55944340977206e-11i,5.51111605303185e-09+5.77325444987762e-12i,5.12978755656275e-08+5.25061094013951e-12i,5.85335175995634e-08+6.49904881918472e-12i,-7.21758091481362e-09+3.68759818795658e-12i,-1.67776795708956e-08-4.00269113863152e-12i,-0.000132002016780902-3.07486805087309e-05i,-2.62951642901208e-05+5.94188099261689e-05i,1.93089515887127e-05+1.02133795835901e-05i,3.02842853193165e-06-4.55857886643506e-06i,-9.12713567037644e-07-8.05768077973437e-07i,3.20717634090453e-07-4.80103638968918e-07i,-8.773881015146e-08-4.64136537517993e-07i,-1.31183360514804e-07+1.08706874607247e-07i,9.43660375894486e-08+6.20667420064344e-08i,-3.06546306767569e-09+6.14428001122584e-08i,2.79945721319881e-10+7.20878281413262e-08i,2.8611409955539e-08-1.00149828074554e-08i,-2.90831632134836e-08-4.84853997908093e-09i,-0.000132007193327617+3.07337544562563e-05i,-2.62883019649728e-05-5.94209910053875e-05i,1.93095595255185e-05-1.02110580979081e-05i,3.02787206871443e-06+4.55880352453393e-06i,-9.12768021272259e-07+8.0562094844072e-07i,3.20685112286836e-07+4.8010748367101e-07i,-8.77281183054076e-08+4.6409131077469e-07i,-1.31117523481147e-07-1.0869562430707e-07i,9.43591066063347e-08-6.20430247040424e-08i,-3.05876770483319e-09-6.14455770501481e-08i,2.72962937196738e-10-7.20856080751338e-08i,2.8592169635032e-08+9.99999436572854e-09i,-2.90746843290223e-08+4.83083006478164e-09i
-0.000252028133645871+2.2123294529023e-09i,-0.000116019473525372+1.09249093009058e-09i,-3.77817253599505e-05+4.63006481320644e-10i,-1.06970063249102e-05+2.449171924834e-10i,-2.48574510976555e-06+3.69159232505729e-11i,7.74290412472212e-07+4.52039973054238e-12i,2.7974299840633e-07-5.19781302693747e-12i,3.97976598356344e-07+0i,2.87812828113167e-07+7.9174850410777e-12i,-9.56747611350482e-08-2.56389142788827e-12i,-1.58879319070039e-08-1.29032251195609e-12i,-4.95361588999632e-08-7.18874488580582e-13i,-7.4933397760656e-08-8.48660661942472e-12i,-6.72718298909536e-05-3.62599181926668e-09i,2.55210484973698e-05+1.8150106478543e-09i,-9.89899380374793e-06-4.36488379352985e-10i,1.73003003020212e-06+5.38987807135755e-11i,-1.4351970466574e-07-4.4507173169206e-11i,-2.39324822473546e-07-2.91320592514305e-11i,-4.68857167813516e-09+2.88115276648952e-12i,-6.94502785731963e-08-1.7581377835024e-11i,-8.44380460393343e-11+1.02566126600306e-11i,4.73164952697136e-08+6.79130922872648e-12i,1.09190101956551e-08+8.01026628569872e-12i,1.48866091138243e-08+8.86351923455253e-12i,-8.80959806302132e-09-1.38423557969519e-11i,-9.53323670665953e-05+7.2540964121194e-05i,2.8968068058632e-05+4.50621628352825e-05i,1.41658246281123e-05-7.691982424375e-06i,-2.62102444369363e-06-2.78080163507404e-06i,-4.72855184666946e-07+6.75269762264518e-07i,-7.18030610792632e-08-4.30255843922755e-07i,-1.08734244010795e-07-1.31144524791204e-07i,8.24745678904738e-08+1.71431515203316e-08i,2.72456041154652e-08-1.03177290774805e-07i,2.08364823231038e-08+5.08207389960406e-08i,8.59071089627446e-09+2.93025744977821e-08i,4.68788248102303e-11+1.4324862205083e-10i,-1.15403961943537e-08+2.90342947411124e-08i,-9.53359867462563e-05-7.25500948744925e-05i,2.89722488897038e-05-4.50632438608137e-05i,1.41660576506735e-05+7.69350609367519e-06i,-2.62143375984943e-06+2.7809194357882e-06i,-4.72879712265888e-07-6.75418755342046e-07i,-7.18228009977332e-08+4.30210821809676e-07i,-1.08707201266393e-07+1.31104826403518e-07i,8.25585723551926e-08-1.71312562776373e-08i,2.72459198890976e-08+1.03198610239902e-07i,2.08447544908501e-08-5.08180887502284e-08i,8.5865750029344e-09-2.93026358342166e-08i,1.72580282683161e-11-1.62865056320123e-10i,-1.15329726167168e-08-2.905020314841e-08i
-0.000198560417263089+6.23010931660382e-09i,-9.04421152963215e-05+2.98319442814547e-09i,-2.89004538208763e-05+9.35558459380775e-10i,-8.27384984783624e-06+3.2817378489924e-10i,-1.9853753463483e-06+7.83835823524663e-11i,5.65739176275136e-07-1.43766105922887e-11i,1.50953640216327e-07-9.29959412268246e-12i,2.87812828113167e-07-7.9174850410777e-12i,2.46601708724282e-07+0i,-6.59204109076284e-08-2.64046311068378e-13i,-1.72352395825302e-09-2.02084203719255e-12i,-2.96642239197044e-08+3.80236764834119e-12i,-6.43032810370241e-08-1.86367430129775e-12i,-2.29831580311207e-05-4.57237059459984e-09i,7.77534629537316e-06+2.23397995786644e-09i,-4.06283449769033e-06-6.39653363427399e-10i,2.23477709350513e-07+2.15603095080142e-10i,1.12330997593934e-07-6.95551251361106e-11i,-1.26145546476132e-07-2.4369135719786e-11i,5.52640773775696e-09+4.47760686043755e-12i,7.30943006466852e-11-8.90765030293316e-12i,-2.27209147362423e-08+7.4247530990363e-12i,1.85099465548523e-08+3.2648748223793e-12i,4.02502959065611e-09+5.6466261003625e-12i,3.82143452121887e-09+3.78325341597694e-12i,2.73649928979545e-10-6.47482583212005e-12i,-6.66727047191556e-05+7.79910984870784e-05i,3.33033626295398e-05+3.16567952344776e-05i,9.99534930086628e-06-9.33240701404463e-06i,-3.10403641534147e-06-2.00289633131251e-06i,-3.11445756057343e-07+8.0343834107279e-07i,-1.25496985038793e-07-3.08690324584188e-07i,-9.43907971037672e-08-6.20454352119737e-08i,1.03170757901867e-07+2.72334680687477e-08i,9.19843009003322e-09-1.14054284649563e-07i,2.25634191200948e-08+4.16159468718778e-08i,1.03207110907398e-08+1.82774090795855e-08i,-4.5191481633581e-09-5.23482044125045e-09i,-5.30018814245078e-09+3.0231511441028e-08i,-6.6680192138179e-05-7.7990946984057e-05i,3.33032975110486e-05-3.165929097667e-05i,9.99595986463641e-06+9.33242044078858e-06i,-3.10405120323492e-06+2.00315667692686e-06i,-3.11502328750634e-07-8.03464601857326e-07i,-1.25484863737867e-07+3.0863560420195e-07i,-9.4365290424888e-08+6.20365008759336e-08i,1.03196324475295e-07-2.72398072379515e-08i,9.20882648478365e-09+1.14056928271172e-07i,2.2563394736874e-08-4.16063533865218e-08i,1.03167201667962e-08-1.8276762833955e-08i,-4.52958030307882e-09+5.22600852817269e-09i,-5.30039128340856e-09-3.02331890704031e-08i
8.17788795807129e-05-1.30333491919406e-09i,3.70637040115122e-05-6.37238255325659e-10i,1.19302267087766e-05-2.22986064668455e-10i,3.05123300095306e-06-6.1340655989557e-11i,6.37077881048307e-07-1.65759579173433e-11i,-2.88039351264961e-07+6.81219060431479e-13i,-6.73050986486147e-08+6.43933751083494e-12i,-9.56747611350482e-08+2.56389142788827e-12i,-6.59204109076284e-08+2.64046311068378e-13i,4.17498731676691e-08+0i,2.65145108831495e-09-9.99965798954666e-13i,1.22831268691296e-08+7.16328088124445e-13i,1.92658321502674e-08+1.67714525171701e-13i,5.09558612391835e-05-5.4545296924282e-10i,-2.27201323706396e-05+2.10715096324205e-10i,7.69488435918081e-06-9.14255221746268e-11i,-1.69245146497824e-06+1.58771477601703e-11i,2.8247698514621e-07-9.10891077981995e-12i,1.94638344834982e-07+2.03103310630741e-12i,-5.12996970989973e-08+3.46129807922218e-12i,4.73001383132551e-08-2.68821984768639e-12i,-1.85029682374056e-08+1.92409014609015e-12i,-2.75325885974699e-08+9.06297678534517e-14i,2.16449834063776e-09-5.41003007821299e-13i,-7.05814168414337e-09+1.24767413307693e-12i,7.23306423039509e-09-2.29848702591458e-12i,5.97587737384233e-05-1.45390619169844e-05i,-6.4452073926119e-06-2.73953678680873e-05i,-8.97211992221467e-06+1.86066803336412e-06i,6.00840490588054e-07+2.0691180449451e-06i,4.18572514341504e-07-1.55825940290451e-07i,2.80403287955924e-08+2.23406229616325e-07i,6.1452657701938e-08+3.06732867793936e-09i,-2.08377820929212e-08-5.08215754383094e-08i,-4.16078651641481e-08+2.25616609919731e-08i,-4.44315344064566e-09-2.58997730942552e-08i,-3.38175417256321e-09-1.18251975834062e-09i,7.97568485671657e-10+5.9671443045017e-09i,1.28952315346873e-08-5.6404738557042e-09i,5.97589890912357e-05+1.45384983035362e-05i,-6.44493540616919e-06+2.73953450396323e-05i,-8.97209828707723e-06-1.86060942050516e-06i,6.00858543413885e-07-2.06911185121534e-06i,4.18570684357841e-07+1.55823038613629e-07i,2.80328017120673e-08-2.23404193794195e-07i,6.14468648941403e-08-3.05973246589991e-09i,-2.08452178333646e-08+5.08185600784812e-08i,-4.16051587428292e-08-2.256247135766e-08i,-4.44258759824354e-09+2.58990243822217e-08i,-3.37938950909296e-09+1.18069691977662e-09i,7.98858762781438e-10-5.96506839471996e-09i,1.28935874175839e-08+5.64174054216187e-09i
3.39226600784926e-06+7.48186460475366e-12i,3.83815359348887e-06+6.31648683996545e-11i,1.59007232082172e-06+5.67418112237663e-11i,3.68930784167628e-07-2.89812934244577e-11i,7.83740301926667e-08-1.49949121631567e-11i,-6.78629260194887e-08-1.33735652088961e-11i,-8.8938245367888e-08+6.60799219761822e-13i,-1.58879319070039e-08+1.29032251194285e-12i,-1.72352395825302e-09+2.02084203719255e-12i,2.65145108831495e-09+9.99965798954666e-13i,1.63241425258011e-08+0i,5.60191007993832e-09+2.20078503425124e-12i,-1.38967139109388e-09-1.40971138568438e-12i,4.49182632041097e-06+5.31263285517921e-09i,-3.24795533006849e-07-2.41075987602699e-09i,-2.48753343751317e-07+7.34231466398074e-10i,1.17552523615836e-07-2.19203945055043e-10i,-5.6229337702769e-08+4.24591205457362e-11i,-2.0184088308826e-08+2.03224980074906e-11i,5.85243167076046e-08-2.80771692664821e-12i,-1.09239213348675e-08+8.57985696414958e-12i,4.02671350818983e-09-4.23490770490748e-12i,-2.16328316195276e-09-2.81400179123914e-12i,-9.35789714163292e-09+6.96037774232655e-13i,2.5368795044742e-09-1.93532390844356e-12i,7.9007423490694e-10-5.69881807577477e-13i,9.68101599916831e-06+1.09961111394441e-05i,6.84310294055021e-06-4.20033455657116e-06i,-1.37185756374627e-06-2.38766383773185e-06i,-7.39083339950952e-07+3.56840016240088e-07i,7.42530635502936e-08+1.94365292808404e-07i,-5.82538799334991e-08+3.06355923122279e-08i,2.73827585490338e-10+7.20997967812657e-08i,2.93082604826919e-08-8.57687800344843e-09i,-1.03112003380265e-08-1.82815847933404e-08i,1.18153862900584e-09-3.37763556163952e-09i,1.97375892512545e-10-1.00479751474928e-08i,-4.81263628758037e-09+5.46638380898587e-10i,2.83245912698346e-09+2.99855842552778e-09i,9.68577596435356e-06-1.09904622411344e-05i,6.84050229947355e-06+4.20221617996994e-06i,-1.37237527414017e-06+2.38683566471851e-06i,-7.38907687313749e-07-3.57029763356301e-07i,7.42980792915637e-08-1.94337966924114e-07i,-5.82419458038403e-08-3.06393921953657e-08i,2.70445029102638e-10-7.20874933015656e-08i,2.93028247903441e-08+8.58107286765787e-09i,-1.03144884093995e-08+1.82775849151817e-08i,1.18048489936597e-09+3.3788139246429e-09i,1.99523185760116e-10+1.00463449978719e-08i,-4.8123032075452e-09-5.4679102820915e-10i,2.83398729034221e-09-2.99248048125832e-09i
2.80680025931301e-05+2.56614912380236e-09i,1.33604566472927e-05+1.02698816432125e-09i,4.47669764299963e-06+2.29021676944363e-10i,1.24398064908193e-06+4.33686873119558e-11i,2.80315118320424e-07+1.51896499507657e-11i,-1.01862026230166e-07-1.32500976366748e-12i,-5.2020639867878e-08+7.00205376175361e-12i,-4.95361588999632e-08+7.18874488580582e-13i,-2.96642239197044e-08-3.80236764834119e-12i,1.22831268691296e-08-7.16328088124445e-13i,5.60191007993832e-09-2.20078503425142e-12i,7.96974924490637e-09+0i,7.51731859723369e-09+2.39547460930815e-12i,1.23523631171816e-05-1.14246733923349e-09i,-4.68506405026678e-06+3.34886138747124e-10i,1.62992243387403e-06-1.28835487903155e-10i,-3.52559203911555e-07+9.722092730862e-11i,4.60779978762275e-08-2.09448663850706e-11i,3.00079700108656e-08+1.50695068319953e-11i,7.19585896115784e-09-3.99037045887918e-13i,1.48894835926933e-08-2.05157258118888e-12i,-3.81783301872559e-09+9.78485970988682e-13i,-7.06432438068866e-09-3.10253923311162e-12i,-2.53076470514301e-09-1.55754073860071e-13i,-2.33065508746986e-09-1.11676290318517e-12i,2.24052569992945e-09+9.57664950382668e-13i,1.27431532924409e-05-3.56804502087902e-06i,-8.17108144067671e-07-5.96056002945982e-06i,-1.85964629321792e-06+8.3488302783263e-08i,4.57221576563351e-08+3.64063958813776e-07i,6.44759997474778e-08-1.05370719224071e-08i,-1.08083523788018e-08+5.59180556392236e-08i,1.00080396323851e-08+2.86092521953333e-08i,4.48870433939827e-11+1.5437532531242e-10i,-5.23340916830271e-09+4.52171048487122e-09i,-7.95815155045869e-10-5.96419950899e-09i,-5.46845538713261e-10-4.81386292546706e-09i,-1.42834440474997e-09-8.31767371048656e-10i,1.94951214308347e-09-1.7012801071802e-09i,1.27384782110678e-05+3.57356529997795e-06i,-8.19630409493113e-07+5.9583935366674e-06i,-1.85900348696068e-06-8.440374055039e-08i,4.59749582920346e-08-3.63836904633238e-07i,6.4417309665277e-08+1.0602526043318e-08i,-1.07967540445092e-08-5.59106768854404e-08i,1.00015830570729e-08-2.85906071823524e-08i,1.74421951825288e-11-1.65910539066467e-10i,-5.22603551814042e-09-4.53016576402189e-09i,-7.98687420682697e-10+5.96554342100393e-09i,-5.47781595584422e-10+4.81280833294785e-09i,-1.42074951747948e-09+8.36803473817746e-10i,1.94553026953292e-09+1.70669993685411e-09i
5.47973635959167e-05-2.8620797681282e-09i,2.4637567341066e-05-1.380768271978e-09i,7.85068898376698e-06-4.6543671731504e-10i,2.20783284124098e-06-1.70711757435829e-10i,5.20327604783192e-07-4.90442417561638e-11i,-1.54615434739876e-07+4.45294090415188e-12i,-3.16290501298292e-08+7.08285323239824e-12i,-7.4933397760656e-08+8.48660661942472e-12i,-6.43032810370241e-08+1.86367430129775e-12i,1.92658321502674e-08-1.67714525171701e-13i,-1.38967139109388e-09+1.40971138568438e-12i,7.51731859723369e-09-2.39547460930808e-12i,1.73577254236911e-08+0i,1.18378135325269e-05+2.3121868605849e-09i,-4.9729178332973e-06-1.15040843239352e-09i,2.05477603846462e-06+3.00702601528582e-10i,-3.17099900073515e-07-9.39744503888499e-11i,2.94604242203673e-08+2.1989448087929e-11i,5.78357630225972e-08+1.35449038750238e-11i,-1.6779774145654e-08-6.33992210991687e-13i,8.82382549586357e-09-6.90093065077559e-13i,2.6803192055203e-10-2.01293397218402e-12i,-7.23226853157475e-09-9.47635234398984e-13i,7.89015307245558e-10-1.57409976071457e-12i,-2.24223709760577e-09-4.76660576294135e-13i,1.22262937356515e-09+1.83352437817985e-12i,2.16886569357777e-05-2.05644735845547e-05i,-9.08465548411819e-06-1.02124810356775e-05i,-3.25150399271899e-06+2.61282203506293e-06i,8.58995563014127e-07+6.7384908358182e-07i,1.11911231049175e-07-2.22305369391571e-07i,3.86174468587752e-08+9.61433419073922e-08i,2.90906161845892e-08+4.84077270568508e-09i,-2.9031569033649e-08-1.15267305825299e-08i,-5.2949951270512e-09+3.02296098411552e-08i,-5.64119461914565e-09-1.28998942812405e-08i,-2.83835225605339e-09-2.99520813592924e-09i,1.70068162797084e-09+1.94919676998432e-09i,2.30743067173383e-09-7.78066331475743e-09i,2.16920860159568e-05+2.05667800614326e-05i,-9.08571074041383e-06+1.02135754471097e-05i,-3.25176510010291e-06-2.61323676561853e-06i,8.59146533366701e-07-6.73962538478801e-07i,1.11936307102141e-07+2.22332414698761e-07i,3.8622332482292e-08-9.61161786222111e-08i,2.90772975519243e-08-4.82932676078105e-09i,-2.90485288455093e-08+1.15290484395349e-08i,-5.29903146719067e-09-3.02325957850981e-08i,-5.64203698883034e-09+1.28946832253962e-08i,-2.83537550915774e-09+2.99194016225329e-09i,1.70633047631894e-09-1.94550121729326e-09i,2.30767825553672e-09+7.78096155779005e-09i
0.0861062092408899-6.9690336857382e-09i,0.0377708131662934-1.02960353341189e-08i,0.013357459770264-2.92966890996909e-09i,0.00262399196144187+1.85095033398749e-09i,0.000387227616911251+2.47060370080019e-09i,-0.000365452070013455-1.14085213515318e-08i,-8.61677780876687e-05+7.2879829291583e-09i,-6.72718298909536e-05+3.62599181926668e-09i,-2.29831580311207e-05+4.57237059459984e-09i,5.09558612391835e-05+5.4545296924282e-10i,4.49182632041097e-06-5.31263285517921e-09i,1.23523631171816e-05+1.14246733923349e-09i,1.18378135325269e-05-2.3121868605849e-09i,0.203039370909734+0i,-0.0921612439111762-6.07231712048654e-10i,0.0295680420616628-2.17624516300047e-09i,-0.00789186121175718-7.24264596181007e-09i,0.00175482775414442-1.15486646260927e-09i,0.000641751064691774+7.36276872728184e-09i,-0.000159426457914786+8.03505132218403e-09i,0.000252006097612085+2.13303169770915e-10i,-0.00019855147176138+1.53816996898798e-10i,-8.17800628996585e-05-1.53461674350288e-09i,3.38465343097026e-06-2.84842347576033e-10i,-2.80546118352937e-05-6.3620823803098e-10i,5.47979724549757e-05-3.16581723073329e-09i,0.120957386566087+0.0534947920237786i,0.02313480833852-0.0557197241040806i,-0.0180933792525394-0.00655166906818178i,-0.00217212576682308+0.00408348841030356i,0.000775487788229297+0.000561351725402715i,-8.93480869322661e-05+0.000475008721455444i,0.000132003631780521-3.07248988145892e-05i,7.25491703352113e-05-9.53277135104834e-05i,-6.6664708590728e-05-7.79921758343574e-05i,1.45392110828215e-05-5.97550537990374e-05i,-9.6786699824564e-06+1.09926421475378e-05i,-3.56764721462733e-06+1.27375923272715e-05i,2.16841894433164e-05+2.05739165757761e-05i,0.120957393444486-0.0534947957309166i,0.0231348176248593+0.0557197200516022i,-0.018093380898022+0.00655168555835191i,-0.00217213298948681-0.00408348172172736i,0.000775495975909836-0.000561353219356911i,-8.93614814594656e-05-0.000475025410558028i,0.000132002623219655+3.07469224446837e-05i,7.25401600954136e-05+9.53311523756005e-05i,-6.66696729530048e-05+7.79910333858399e-05i,1.45393961680008e-05+5.97580199261526e-05i,-9.67988936908724e-06-1.09968553252532e-05i,-3.56646011375115e-06-1.27429669596104e-05i,2.16873511627206e-05-2.0565667722395e-05i
-0.0377708313897992+1.1703430064816e-08i,-0.0162672485324896+8.30336924315134e-09i,-0.00572235885288216+2.50114786765233e-09i,-0.00108538772177061-8.45284510941554e-10i,-0.000148168061064538-6.05120737859735e-10i,0.000156507315413547+5.20834965401092e-09i,2.74640921567588e-05-3.28536715228836e-09i,2.55210484973698e-05-1.8150106478543e-09i,7.77534629537316e-06-2.23397995786644e-09i,-2.27201323706396e-05-2.10715096324205e-10i,-3.24795533006849e-07+2.41075987602699e-09i,-4.68506405026678e-06-3.34886138747124e-10i,-4.9729178332973e-06+1.15040843239352e-09i,-0.0921612439111762+6.07231712048654e-10i,0.0422250122098468+0i,-0.0135872997223861+9.25502657349468e-10i,0.00362436172188812+3.60655554851339e-09i,-0.000808468584799759+3.47242740695093e-10i,-0.000299541287438443-3.88164596075746e-09i,8.57156120581188e-05-3.57040694501252e-09i,-0.000116009884696907+1.67115028134905e-11i,9.04381243175493e-05+8.74056025459784e-11i,3.70641269367784e-05+7.86655752972635e-10i,-3.83444687168714e-06+2.45882993612769e-11i,1.33546159770649e-05+4.01338925382405e-10i,-2.46375001423666e-05+1.29855116944126e-09i,-0.0557197289206246-0.0231348072451023i,-0.00965404434536316+0.0256156801181058i,0.00832630323344288+0.00265935843705775i,0.000891121101559658-0.00189119989123803i,-0.000361267929805086-0.000229748772927371i,3.13884356473159e-05-0.000216971521245256i,-5.94196209332023e-05+2.62842683056869e-05i,-2.89718507741525e-05+4.50596141961912e-05i,3.16527396174357e-05+3.33036449305909e-05i,-6.4452378175608e-06+2.73936078003126e-05i,4.19897593464517e-06-6.84134001864781e-06i,8.17028735571864e-07-5.95780853353562e-06i,-1.02103034654683e-05-9.08890961012873e-06i,-0.0557197380773374+0.0231348162129685i,-0.00965405166629772-0.0256156807261986i,0.00832630467007596-0.00265936694544801i,0.000891124198272724+0.00189119717851044i,-0.000361271692126073+0.000229749711975582i,3.13947881313271e-05+0.000216978931448235i,-5.941925057278e-05-2.62943964726272e-05i,-2.89677283026154e-05-4.50617402124065e-05i,3.16555803221764e-05-3.330328712733e-05i,-6.44538550891126e-06-2.73949851539279e-05i,4.19984973578425e-06+6.84342140971618e-06i,8.16371019748238e-07+5.96054587048753e-06i,-1.0212007641424e-05+9.08519264896655e-06i
0.0133574652568648-5.33514018853462e-09i,0.00572235884923998-3.24141631363398e-09i,0.00198763003396215-1.09118606343964e-09i,0.000394393147315588+1.32280870827952e-10i,5.86084116868348e-05+3.00089921508336e-10i,-5.21977462035464e-05-1.69487974508017e-09i,-7.65906960564206e-06+9.23159474510354e-10i,-9.89899380374793e-06+4.36488379352985e-10i,-4.06283449769033e-06+6.39653363427399e-10i,7.69488435918081e-06+9.14255221746268e-11i,-2.48753343751317e-07-7.34231466398074e-10i,1.62992243387403e-06+1.28835487903155e-10i,2.05477603846462e-06-3.00702601528582e-10i,0.0295680420616628+2.17624516300047e-09i,-0.0135872997223861-9.25502657349468e-10i,0.00439567189250251+0i,-0.00116869096132715-1.08624347853869e-09i,0.000260190924391709+1.20044687293773e-10i,9.75178460356823e-05+1.30703683439704e-09i,-2.97857429593497e-05+1.0550131394161e-09i,3.77785750558686e-05+2.27832386455016e-10i,-2.88991051570238e-05-1.17103147481893e-10i,-1.19304064667368e-05-2.98001593675793e-10i,1.58882343737019e-06-4.64161268968297e-11i,-4.47479071761291e-06-2.35321663709046e-10i,7.85051109822581e-06-2.77568764030852e-10i,0.0180933821867901+0.00655166897255928i,0.00265935847098691-0.00832630383497604i,-0.00270201025842612-0.000716125385178247i,-0.000242158388955746+0.000610297760720156i,0.000115892461384703+6.22972014252765e-05i,-7.3688917767054e-06+7.09700637487339e-05i,1.93093722066722e-05-1.02099196073487e-05i,7.69363616255091e-06-1.41651485653791e-05i,-9.99409882265381e-06-9.33256558871238e-06i,1.86072913720268e-06-8.97151763040708e-06i,-1.37144135818497e-06+2.3871259259513e-06i,-8.3666004661391e-08+1.85892327091325e-06i,3.25089650340244e-06+2.61425950078352e-06i,0.0180933899632322-0.0065516812811731i,0.00265936499880033+0.00832630629433492i,-0.00270201127220472+0.000716130072524184i,-0.000242160223927594-0.000610297211915483i,0.00011589372384735-6.22972630856523e-05i,-7.37085812632451e-06-7.09722399794408e-05i,1.93091823125624e-05+1.02131883087397e-05i,7.69196087818458e-06+1.41657634457985e-05i,-9.9950366947749e-06+9.33238332568129e-06i,1.86073502084972e-06+8.97197507172315e-06i,-1.37174549444134e-06-2.38776485972703e-06i,-8.32700292370584e-08-1.85968491638906e-06i,3.25140168405609e-06-2.61298562436827e-06i
-0.00262399787728824-1.16928157503517e-09i,-0.00108539057505578-4.88287305867206e-10i,-0.000394394233418815-2.23533393193913e-10i,-6.96188733942572e-05-2.59502329207243e-10i,-7.60369706200411e-06-3.46998190462325e-10i,1.07542550920617e-05+4.49504315954359e-10i,1.13534427082157e-06-1.93073398126619e-10i,1.73003003020212e-06-5.38987807135755e-11i,2.23477709350513e-07-2.15603095080142e-10i,-1.69245146497824e-06-1.58771477601703e-11i,1.17552523615836e-07+2.19203945055043e-10i,-3.52559203911555e-07-9.722092730862e-11i,-3.17099900073515e-07+9.39744503888499e-11i,-0.00789186121175718+7.24264596181007e-09i,0.00362436172188812-3.60655554851339e-09i,-0.00116869096132715+1.08624347853869e-09i,0.000319262930786885+0i,-7.25961790755876e-05-2.68972561074498e-11i,-2.5052792357539e-05-1.90325906981056e-10i,7.71850377780697e-06-2.47000519308559e-10i,-1.06960555132047e-05-2.26674596918531e-10i,8.27355384650835e-06+3.50050178023942e-11i,3.0512922737834e-06+8.44522376734067e-11i,-3.68578729846781e-07+2.89575492075855e-12i,1.24336537915612e-06+1.04663980174965e-10i,-2.20783919337462e-06+6.99575062458892e-11i,-0.00408348923817732-0.00217212436465206i,-0.000891120663526+0.00189120028294635i,0.000610297850761577+0.000242158290755054i,8.17106286387354e-05-0.000134448378667265i,-2.49200865877479e-05-2.10471529903211e-05i,2.59795632278292e-06-1.65440219900671e-05i,-4.55862436498555e-06+3.02748729800567e-06i,-2.62141217686954e-06+2.78078843964575e-06i,2.00265044778989e-06+3.10410912240464e-06i,-6.00900091275629e-07+2.06888888507533e-06i,3.56773021425195e-07-7.39001548937895e-07i,4.57309691100581e-08-3.63906024074876e-07i,-6.73691563485416e-07-8.5948550575059e-07i,-0.00408348497590543+0.00217214220347118i,-0.000891129304477594-0.00189119902584693i,0.000610297737542285-0.000242162195043153i,8.17121904373875e-05+0.000134448004914565i,-2.49204617648972e-05+2.1047205749076e-05i,2.59838864353292e-06+1.65447993298479e-05i,-4.55861160900241e-06-3.02835063596412e-06i,-2.62100210961919e-06-2.7808330442398e-06i,2.00281947068139e-06-3.10402110327066e-06i,-6.00863806540143e-07-2.0690694906092e-06i,3.56813745605962e-07+7.39112998656427e-07i,4.56517765249057e-08+3.64099717917881e-07i,-6.73814597263043e-07+8.59045272150694e-07i
0.000387234884478155-6.6019974445228e-09i,0.000148170549917013-2.95056633352426e-09i,5.86092470755537e-05-1.06256234607114e-09i,7.60402955071824e-06-3.98930673124865e-10i,2.04484914951939e-08-1.84700549870065e-11i,-1.67455889959095e-06-1.01423161330963e-10i,9.56569023638391e-09+4.27940529270674e-11i,-1.4351970466574e-07+4.4507173169206e-11i,1.12330997593934e-07+6.95551251361106e-11i,2.8247698514621e-07+9.10891077981995e-12i,-5.6229337702769e-08-4.24591205457362e-11i,4.60779978762275e-08+2.09448663850706e-11i,2.94604242203673e-08-2.1989448087929e-11i,0.00175482775414442+1.15486646260927e-09i,-0.000808468584799759-3.47242740695093e-10i,0.000260190924391709-1.20044687293773e-10i,-7.25961790755876e-05+2.68972561074498e-11i,1.69607204870462e-05+0i,5.41611726285043e-06-4.59356783599241e-11i,-1.74277381149034e-06+7.75758309582389e-11i,2.48558605501122e-06+4.2917925214854e-11i,-1.98533673688061e-06+2.01477707666966e-12i,-6.37135065117434e-07+6.59589711991472e-13i,7.83515088744106e-08-1.39911591273799e-11i,-2.80200517332562e-07-1.64101549852743e-11i,5.20344786399061e-07-1.10098989534337e-11i,0.000775487064274976+0.000561353807190881i,0.000229749730835418-0.000361267434317081i,-0.000115892224058193-6.22975519755084e-05i,-2.10472037240706e-05+2.49200148445951e-05i,4.46926449054105e-06+5.42386803748432e-06i,-6.60341418857466e-07+3.25109150721436e-06i,9.12756225743515e-07-8.0552225485133e-07i,6.75388722856486e-07-4.72879807889689e-07i,-3.11396127000398e-07-8.03469070189916e-07i,1.55860068410477e-07-4.18552363232111e-07i,-7.42789566396352e-08+1.94338727209265e-07i,-1.05502366240249e-08+6.44571964614474e-08i,1.11878384991509e-07+2.2241369675585e-07i,0.000775494632163702-0.000561352309460446i,0.000229749112898709+0.000361270625226412i,-0.000115893161335121+6.22972598470953e-05i,-2.10470247227692e-05-2.49203028634925e-05i,4.46949878429723e-06-5.42376200189863e-06i,-6.60326965074251e-07-3.25120276311973e-06i,9.12723248562541e-07+8.0575990943771e-07i,6.75249656551767e-07+4.72867966127039e-07i,-3.11427545473544e-07+8.03422377643892e-07i,1.55833375113504e-07+4.1856757050426e-07i,-7.42527904465787e-08-1.94374854744413e-07i,-1.05190682516284e-08-6.44903355010712e-08i,1.11903896658481e-07-2.2231478558345e-07i
