0.199961652473412+0i,0.0940484854256901+5.41233398814446e-10i,0.0312647535027787+7.61170832287318e-10i,0.00863242768518828+2.13011317459025e-08i,0.00207328152641221+1.40301275045431e-09i,-0.000669757339948527+8.66270487261994e-09i,-0.000172245317783263+1.19514956904841e-08i,-0.00022739824439936-1.32947110940041e-08i,-0.000244455875715829-2.57164169953796e-09i,6.98268486266877e-05-1.99928249817162e-09i,1.47583533188372e-05-7.90449530929269e-09i,1.24437090613313e-05+5.26304879774023e-09i,5.60298974785102e-05+1.61090495006425e-09i,0.0845647624871986-1.6280992551936e-08i,-0.0385861120796245+4.14476208817558e-08i,0.0141688119760053-3.99064736091193e-08i,-0.00261423238659901+1.59240723648149e-08i,0.000393354890404071-3.94940866262074e-09i,0.000426601194198076-1.58135663265489e-08i,-0.000138603911701998+9.31063851062723e-09i,4.34176719734547e-05+6.04953894423237e-09i,-1.74962906295779e-05-1.58655187081259e-09i,-4.50654380342883e-05+2.46145368060511e-09i,3.34005927353197e-05-5.05177357529948e-09i,-1.30731515388807e-05-3.99257128308005e-10i,-5.77131315416999e-06+8.2498863272144e-10i,0.118744033960878-0.0529030061720259i,-0.0236346928319814-0.0564013466767867i,-0.0187244700009856+0.00694044772513764i,0.00250665068243486+0.00412294421241073i,0.000808456367426673-0.000716371446613324i,4.93895173365139e-05+0.000521135388806564i,0.000143451681921169+5.98460835543236e-05i,-6.37719108164086e-05-5.17168160031931e-05i,-6.88404328086653e-05+9.9260568358236e-05i,-3.89141874513252e-06-5.93790753460722e-05i,-2.94837191463994e-05-2.55734790947204e-05i,-5.8078548833814e-06+2.83998959856387e-06i,1.3878982540991e-05-2.86716210703092e-05i,0.118743987119958+0.0529030404122685i,-0.0236346431520061+0.0564013182644703i,-0.018724467645424-0.00694042922879922i,0.00250662715045184-0.00412294578019828i,0.000808463633181062+0.000716374036397098i,4.94049404164285e-05-0.000521129438959064i,0.000143448222554739-5.98279064803637e-05i,-6.37566864113431e-05+5.17189286596595e-05i,-6.88432735296526e-05-9.92605953866278e-05i,-3.89294591659977e-06+5.93762178158096e-05i,-2.94828829846067e-05+2.55599395675084e-05i,-5.80999716224256e-06-2.84079278514149e-06i,1.38777559093775e-05+2.86695892823152e-05i
0.0940484854256901-5.41233398814446e-10i,0.0446265346563598+0i,0.0148726860602044+1.66161508936386e-09i,0.00410477813375671+1.22811996307223e-08i,0.000984404473124981+3.9559549854349e-10i,-0.000328014268156349+3.40935512127167e-09i,-9.60068169679678e-05+5.86330934911266e-09i,-0.000110058451128689-6.57897477159342e-09i,-0.000115655732965985-1.02815126604486e-09i,3.44968484382188e-05-6.72136381775976e-10i,1.03932171000177e-05-3.95470142531857e-09i,6.73004468891671e-06+2.64781449505169e-09i,2.63299189725771e-05+8.91987200202924e-10i,0.0385861021586631-9.86877396213889e-09i,-0.017264029522983+1.96056394489358e-08i,0.00630349109211311-1.91179243145231e-08i,-0.00111395202486203+8.64190361975388e-09i,0.000156119293152648-1.43515662985894e-09i,0.000186095927070094-7.95427030024562e-09i,-5.01310163295917e-05+4.32637486757381e-09i,1.35264279791554e-05+2.53427855159255e-09i,-4.6829692074507e-06-7.97367790007121e-10i,-1.94756013830032e-05+1.28954799416913e-09i,1.25825867101325e-05-2.28525589963738e-09i,-4.87470001465266e-06+4.46184063328904e-11i,-3.24668999475309e-06+2.85270927685191e-10i,0.056401361587984-0.0236346885872376i,-0.0101772903655069-0.0267569643719068i,-0.00889756058877558+0.00290961932158308i,0.00106560278727423+0.0019732728346105i,0.000389885598478655-0.000308572191478052i,8.76786324450762e-06+0.000245730394788133i,6.7518028852686e-05+4.27743334936261e-05i,-2.40680678588152e-05-2.61856406596301e-05i,-3.38268674570794e-05+4.32952302255928e-05i,-1.279489857201e-07-2.7920739482279e-05i,-1.37081331592669e-05-1.50706605318318e-05i,-3.77817365803831e-06+1.53317510354685e-06i,6.81024028636119e-06-1.28689431601185e-05i,0.0564013074961359+0.023634660524455i,-0.0101772488227419+0.0267569249672959i,-0.00889754742600147-0.00290960443044256i,0.00106558956384406-0.00197326663315889i,0.000389888894783191+0.000308572755175164i,8.77520446526846e-06-0.000245725893597836i,6.75162186753295e-05-4.27656492610626e-05i,-2.40606811508705e-05+2.61856815476391e-05i,-3.38283000524004e-05-4.32950471961838e-05i,-1.28764942402896e-07+2.79189408255909e-05i,-1.37079911003274e-05+1.50641993899694e-05i,-3.77927486333175e-06-1.53303082201183e-06i,6.80939633669064e-06+1.28679478184682e-05i
0.0312647535027787-7.61170832287318e-10i,0.0148726860602044-1.66161508936386e-09i,0.00498730292941302+0i,0.00137355192843686+4.0063844724264e-09i,0.00032860768298764-4.35895606398178e-11i,-0.000111269553649009+1.12802471206007e-09i,-3.49362895650721e-05+2.00126911101984e-09i,-3.78210019163198e-05-2.20197586136695e-09i,-3.85128693042716e-05-3.18364187767774e-10i,1.16275755857111e-05-2.07675075589319e-10i,4.11612456525815e-06-1.32848071372088e-09i,2.62702091221302e-06+8.9628146941672e-10i,8.6014560593854e-06+2.87575760174426e-10i,0.0141688045607723+1.22634800429125e-08i,-0.00630348909482384-1.28484020895636e-09i,0.00227804114906849-3.84072312632635e-09i,-0.000432499833069424+2.22781379738752e-09i,6.91208961726892e-05-9.56487097264347e-11i,6.29626114784757e-05-2.72971803376575e-09i,-1.51084711799405e-05+1.49096810586273e-09i,6.52566425671138e-06+9.30131490562901e-10i,-3.93657000779088e-06-4.00919791045022e-10i,-6.47465433413769e-06+5.04341283222664e-10i,3.51574762725552e-06-7.41257502395591e-10i,-1.64301497056736e-06-8.34510950661516e-12i,-4.89603641101015e-07+6.98350099679918e-11i,0.018724478392188-0.00694044317896263i,-0.0029096181044216-0.00889756217198046i,-0.00294781178031196+0.000814794998436852i,0.000301783569306935+0.000644880827784503i,0.000125518404129682-8.82383892787717e-05i,-1.16153267744675e-07+8.26145127893051e-05i,2.25017099715928e-05+1.58925684562102e-05i,-6.16517272230546e-06-7.64818331871933e-06i,-1.05366994246706e-05+1.25061086762918e-05i,2.76085569757288e-07-9.49888738501355e-06i,-4.67814851251398e-06-5.17712452716707e-06i,-1.35285097397353e-06+3.64421940994804e-07i,2.15897485470388e-06-3.79747988008888e-06i,0.0187244622309684+0.00694044232751098i,-0.0029096075674365+0.00889754599726392i,-0.00294780517451576-0.00081479089570231i,0.000301779130971422-0.000644877297418894i,0.000125519354036687+8.82386375691436e-05i,-1.13660732315546e-07-8.2612656678468e-05i,2.25011346286829e-05-1.58895647328042e-05i,-6.16273946398441e-06+7.64795649043979e-06i,-1.05371398284466e-05-1.25061610482266e-05i,2.75825770535861e-07+9.49818607376065e-06i,-4.67818682038902e-06+5.17482343186267e-06i,-1.35319054509521e-06-3.64267019694575e-07i,2.15864015775128e-06+3.79710254649052e-06i
0.00863242768518828-2.13011317459025e-08i,0.00410477813375671-1.22811996307223e-08i,0.00137355192843686-4.0063844724264e-09i,0.000395108907379332+0i,9.74788180924442e-05-2.5215685406167e-10i,-2.877565089383e-05+3.53074097503563e-10i,-9.02799752768265e-06+6.19494982180909e-10i,-1.16601941530981e-05-6.11972414839706e-10i,-1.18328137741727e-05-8.90369065097539e-11i,2.93265023956063e-06-5.10210793519257e-11i,7.99914638103866e-07-3.58224147214249e-10i,7.66473347764695e-07+2.82587858635026e-10i,2.70684839539119e-06+8.00580036939723e-11i,0.00261423206795632+7.81598894946134e-09i,-0.00111395236617205-3.59300382699703e-09i,0.000432500114381896-2.20739956498222e-10i,-6.67709301835789e-05+5.27603939792481e-10i,6.693881429121e-06+3.91028303259253e-11i,1.27617161772412e-05-6.87178708914879e-10i,-3.18878501501993e-06+1.97471932839698e-10i,9.61968690928349e-07+1.73547328974223e-10i,3.03556342748265e-07-1.28099386761846e-10i,-1.25572475569475e-06+1.34972407185716e-10i,8.58093870313816e-07-7.53070927661314e-11i,-5.16014069924483e-07+2.3382458278038e-11i,-5.14004576970337e-07+2.12739099076957e-12i,0.00412294259510964-0.00250664530389166i,-0.00106560060270132-0.00197327153987103i,-0.000644880152082208+0.000301782900952791i,0.000111402327651148+0.000133510347978068i,2.4361433307139e-05-3.24284947366956e-05i,4.01262153976203e-07+1.90789986438477e-05i,5.11407073108746e-06+5.15607672503824e-06i,-2.38183912837176e-06-8.25992438965396e-07i,-1.72754499777054e-06+4.56848165295975e-06i,5.88070398369438e-08-2.27663594025547e-06i,-1.14971117365558e-06-1.74865326596509e-06i,-4.51389496018445e-07-2.91312110525866e-08i,3.85890937462331e-07-1.37569343295319e-06i,0.00412294526499171+0.00250663675478388i,-0.00106559287416598+0.00197326638177817i,-0.000644877398476788-0.000301779964991165i,0.000111400884436633-0.00013350920417775i,2.43619021834175e-05+3.24285722666744e-05i,4.01662192917015e-07-1.90782795086066e-05i,5.11363324895315e-06-5.15547180068831e-06i,-2.38131402316458e-06+8.26016569781528e-07i,-1.72774869766146e-06-4.56855127517982e-06i,5.88144970337855e-08+2.27636330200055e-06i,-1.1496392531743e-06+1.74813744826467e-06i,-4.51430871463118e-07+2.91179936222557e-08i,3.85812252291379e-07+1.37560088721947e-06i
0.00207328152641221-1.40301275045431e-09i,0.000984404473124981-3.9559549854349e-10i,0.00032860768298764+4.35895606398178e-11i,9.74788180924442e-05+2.5215685406167e-10i,2.46021406907049e-05+0i,-6.49695631621388e-06+2.34167761442198e-11i,-1.99911411348832e-06+9.70132841827958e-11i,-2.99701354809422e-06-1.6595643384917e-10i,-3.05247260405468e-06-3.58004578674092e-11i,6.41373535644352e-07-4.04683838935883e-12i,1.13657256951417e-07-6.60627131809197e-11i,1.86459125150475e-07+7.68383164715888e-11i,7.09809949599014e-07+1.95112112780003e-11i,0.000393356449524943+6.59407186385159e-09i,-0.00015612015490392-2.11726034953513e-09i,6.91212475218623e-05+1.68714492472698e-10i,-6.69395988675398e-06+1.53128801051469e-10i,-6.22901956394789e-07+1.79949749451313e-12i,2.31654839294262e-06-1.70807211842446e-10i,-6.51372949645281e-07+5.4629513216946e-11i,8.95565807241478e-08+1.05916253042238e-11i,3.22031405983018e-07-2.81139508068403e-11i,-2.20312136756473e-07+3.41618981730933e-11i,2.03217413784195e-07-7.25301074291009e-12i,-1.38072087330126e-07+1.32602927254862e-11i,-1.91617777978492e-07-2.36943100210783e-12i,0.000808456034475676-0.000716368764426671i,-0.00030857102444131-0.000389885206510162i,-0.000125518217223494+8.823805819154e-05i,3.24284789134591e-05+2.43614541950744e-05i,4.08227284420043e-06-9.39821727437076e-06i,2.77486148238222e-07+3.927886198334e-06i,1.0301774476492e-06+1.30390438985406e-06i,-7.3142316069765e-07+1.67090279604352e-08i,-2.14588823769681e-07+1.32272205268115e-06i,-7.01491369481839e-09-4.87533382909219e-07i,-2.48598209066434e-07-4.58536567041565e-07i,-1.16727264839434e-07-2.85592499928525e-08i,5.88729396182213e-08-3.9495962601977e-07i,0.000808466462773214+0.000716376857864992i,-0.000308573758874018+0.000389890326953651i,-0.00012551984948047-8.82388739997595e-05i,3.24285344557207e-05-2.43619662065617e-05i,4.08260172459707e-06+9.398326598039e-06i,2.77575416702736e-07-3.92780858119527e-06i,1.03012272623506e-06-1.30378709225673e-06i,-7.31332128310445e-07-1.66436819931671e-08i,-2.14675631957883e-07-1.32275654388571e-06i,-7.0025033889156e-09+4.87475744381902e-07i,-2.48587079756324e-07+4.58432445252439e-07i,-1.167262194805e-07+2.85371918130288e-08i,5.88638212297935e-08+3.94940439434391e-07i
-0.000669757339948527-8.66270487261994e-09i,-0.000328014268156349-3.40935512127167e-09i,-0.000111269553649009-1.12802471206007e-09i,-2.877565089383e-05-3.53074097503563e-10i,-6.49695631621388e-06-2.34167761442198e-11i,2.98521509318442e-06+0i,1.1767188854566e-06-6.73783451681145e-11i,7.5633097898303e-07+4.91136962556586e-11i,7.14673424070025e-07-8.25898554385369e-13i,-3.40865934647166e-07-9.12262176974832e-13i,-2.17335289084757e-07+4.22614016738775e-11i,-7.1784627700144e-08-1.97896904071935e-11i,-1.47392757872775e-07-8.74240758942718e-12i,-0.00042660053701159-1.25123526156002e-08i,0.000186095585068359+6.48170323485505e-09i,-6.29625064603853e-05-2.18010735590919e-09i,1.27616748348718e-05+5.36829120145695e-10i,-2.31653140938456e-06-1.43184686887989e-10i,-1.45037700893215e-06+4.85110630289754e-12i,4.73985351038177e-08-1.01391523316677e-11i,-7.23057645722111e-08-3.89459240493613e-11i,1.6981176280197e-07+2.53850883932828e-11i,1.35579923868682e-07-7.00627181790929e-12i,-5.4257357206492e-10+1.63885158883023e-11i,-4.18433033211403e-09-1.37658216993654e-12i,-2.00072335433567e-08-2.22856678527451e-12i,-0.000521137403064127+4.93891028281362e-05i,8.76770664818254e-06+0.000245731361946447i,8.26148242953747e-05+1.16214599479726e-07i,-4.0123971322189e-07-1.90790756392149e-05i,-3.92790617657986e-06+2.77483726727404e-07i,4.59289358351995e-07-2.18194821032162e-06i,-6.05155662952227e-07-6.11386211444963e-07i,-1.01668854883635e-07+3.24569183942328e-07i,3.71351502054551e-07-4.9688777072198e-08i,-6.58332227499749e-08+2.38922709816533e-07i,1.16218040174208e-07+1.55513893220116e-07i,4.71970793903144e-08-2.47248358539925e-08i,-7.08017149264697e-08+2.54899417217119e-08i,-0.000521133401340749-4.94075814419994e-05i,8.7763203952076e-06-0.000245727739282718i,8.26133199907409e-05-1.13310550315031e-07i,-4.01791286926557e-07+1.90784669339481e-05i,-3.92783279527279e-06-2.77609717354453e-07i,4.59119408603015e-07+2.18180424550905e-06i,-6.05096214172777e-07+6.11265263811454e-07i,-1.01736510588411e-07-3.24500162504676e-07i,3.71345690109414e-07+4.96923737741702e-08i,-6.58081462541205e-08-2.38891281401163e-07i,1.16217844236306e-07-1.55438451662065e-07i,4.72121270511368e-08+2.46927740418935e-08i,-7.07836060839992e-08-2.54795313710127e-08i
-0.000172245317783263-1.19514956904841e-08i,-9.60068169679678e-05-5.86330934911266e-09i,-3.49362895650721e-05-2.00126911101984e-09i,-9.02799752768265e-06-6.19494982180909e-10i,-1.99911411348832e-06-9.70132841827958e-11i,1.1767188854566e-06+6.73783451681145e-11i,8.44760836961999e-07+0i,3.55349465596639e-07+3.17454569602985e-11i,2.09643071640594e-07+5.46388392054818e-12i,-1.31849419606963e-07-1.37158364093313e-11i,-1.78482422250254e-07+1.15295213980418e-11i,-6.65519700138325e-08-1.02460080657059e-11i,-3.08543130394812e-08-7.49510046095716e-12i,-0.000138601908426493-5.1502707671466e-09i,5.0130042283813e-05+2.18540391146629e-09i,-1.51081733528773e-05-7.16100019560735e-10i,3.18867951723871e-06+5.35855912321428e-11i,-6.51341113526396e-07-3.31667453694111e-11i,-4.73964928913148e-08+2.04135423485007e-11i,-4.44718428608827e-07-1.57526500896395e-11i,6.08312553239736e-08+8.53533374655309e-13i,6.16041230128742e-08+7.90227953251239e-12i,-6.68879018287289e-09-1.00780975602068e-11i,1.13820284501074e-07+2.93868550428246e-12i,-3.34687686377832e-08-5.04106480059748e-12i,-2.02385332528601e-08+5.49404148018369e-12i,-0.000143456140430693-5.98438715869721e-05i,-4.277321087073e-05+6.75200067903903e-05i,2.2502399413823e-05+1.58921776713192e-05i,5.15597950835268e-06-5.11423814173829e-06i,-1.03021744035747e-06-1.30388529777217e-06i,6.11373688874346e-07-6.05166776501274e-07i,-1.56840849317939e-07-5.9757385756343e-07i,-2.47408594022249e-07+7.99915336653529e-08i,9.48166384123367e-08+1.57445055596304e-07i,-7.14405930353278e-08+7.09433857628954e-08i,3.02711444342245e-08+1.21095798306015e-07i,3.81649401892019e-08-4.47959381691507e-09i,-1.99697791419268e-08-3.0961889451608e-08i,-0.000143450631230129+5.98273364509942e-05i,-4.27654682062377e-05-6.75174739063151e-05i,2.25015350841903e-05-1.58895686102362e-05i,5.15541858117925e-06+5.11376680974827e-06i,-1.030149436829e-06+1.30376389829984e-06i,6.11271308711299e-07+6.05102358607303e-07i,-1.56870268286624e-07+5.97520666654873e-07i,-2.47423989470617e-07-7.99438745643644e-08i,9.48098098544687e-08-1.57432379757024e-07i,-7.14266361608006e-08-7.09233961732423e-08i,3.0295855860525e-08-1.21063488663002e-07i,3.81703430017928e-08+4.45676933602305e-09i,-1.99527439271298e-08+3.09664507553315e-08i
-0.00022739824439936+1.32947110940041e-08i,-0.000110058451128689+6.57897477159342e-09i,-3.78210019163198e-05+2.20197586136695e-09i,-1.16601941530981e-05+6.11972414839706e-10i,-2.99701354809422e-06+1.6595643384917e-10i,7.5633097898303e-07-4.91136962556586e-11i,3.55349465596639e-07-3.17454569602985e-11i,4.54655217432758e-07+0i,3.83519860425657e-07-1.68426380413177e-11i,-7.63745436200985e-08+3.70888428467512e-12i,-3.52771156058418e-08+9.60278982140593e-12i,-4.73711349018548e-08-8.81677282089402e-12i,-8.70412264783667e-08+1.9167376611492e-12i,-4.34190583855561e-05+1.5762187409873e-09i,1.35271197435508e-05-4.39421398416003e-10i,-6.52591606957635e-06+2.72003384321614e-10i,9.6204566190827e-07-1.84523407607477e-11i,-8.95734525391104e-08-2.81669949420361e-11i,-7.23130027276974e-08+2.70950808274264e-11i,-6.08258547475828e-08+2.69258589943059e-12i,-4.43240406304349e-08-2.48328774356716e-12i,-3.82462125071819e-09+1.21666155371391e-11i,-6.15812462873889e-10-5.86340661626308e-12i,2.2519549200333e-08-5.01375644740565e-12i,1.3781802266189e-08-2.91162113036095e-12i,9.50934245213571e-09+1.94266459601781e-13i,-5.17122195558012e-05+6.37687804480974e-05i,2.40666454504531e-05+2.61834566286354e-05i,7.64746250545357e-06-6.16472255642546e-06i,-2.38171959678802e-06-8.25825293554513e-07i,1.67459886294272e-08+7.31391086450274e-07i,1.01674872392151e-07-3.24550050794764e-07i,-7.99847804994824e-08-2.47410391742695e-07i,3.61253926358071e-08-6.60292310614364e-08i,-3.65798565994823e-08-1.0858154055133e-07i,-1.67554068163999e-08+4.95547824214746e-08i,2.22629814927482e-08+6.96348036957001e-08i,1.594656437652e-08+1.0045249186387e-08i,1.31580674194345e-09+3.45240443729828e-08i,-5.17197841343115e-05-6.37583156813742e-05i,2.40615013804735e-05-2.61860467185311e-05i,7.64803663946535e-06+6.16303283645231e-06i,-2.38136940605013e-06+8.26019195461845e-07i,1.66427220981553e-08-7.31345283715624e-07i,1.01729931117696e-07+3.24497974004279e-07i,-7.99383470504116e-08+2.47418648191346e-07i,3.61258620785042e-08+6.60365293160021e-08i,-3.65612050739122e-08+1.08587815858321e-07i,-1.67658812167223e-08-4.95373418935772e-08i,2.22532433255671e-08-6.96289596850986e-08i,1.59429610398588e-08-1.00513225987484e-08i,1.31587540550162e-09-3.45208663505752e-08i
-0.000244455875715829+2.57164169953796e-09i,-0.000115655732965985+1.02815126604486e-09i,-3.85128693042716e-05+3.18364187767774e-10i,-1.18328137741727e-05+8.90369065097539e-11i,-3.05247260405468e-06+3.58004578674092e-11i,7.14673424070025e-07+8.25898554385369e-13i,2.09643071640594e-07-5.46388392054818e-12i,3.83519860425657e-07+1.68426380413177e-11i,3.90231210101283e-07+0i,-6.95614949910548e-08-9.49841455087875e-13i,-4.13471877081564e-09+4.77361231722392e-12i,-2.31223464673227e-08-1.01799958647851e-11i,-9.21483829369585e-08-1.27716076756312e-12i,-1.74964104481725e-05-9.50528128861587e-10i,4.68304674012192e-06+2.36693401590836e-10i,-3.93661378119236e-06+6.24855582723464e-11i,-3.03549102695968e-07-5.25948379417319e-11i,3.22032423816044e-07+5.88475948157034e-12i,-1.69814607527087e-07+2.42543255342504e-11i,6.16091762351023e-08-9.36973359216537e-12i,3.82655319589323e-09+5.54451342276307e-12i,-6.60102737007583e-08+2.60544731761307e-12i,1.28671006183842e-08-4.60967521186427e-12i,-2.09995570889186e-08-5.71217270903626e-13i,1.7990250687151e-08-3.39692808387224e-12i,3.03928767041744e-08+7.10330165234987e-13i,-6.8839209345226e-05+9.92592130906251e-05i,4.32946046141691e-05+3.38262194853409e-05i,1.05364675669514e-05-1.25059257140439e-05i,-4.56844343877899e-06-1.72749512846625e-06i,-2.1457711235177e-07+1.32271289293203e-06i,-4.96861795505515e-08-3.71343142806272e-07i,-9.48094074947475e-08-1.57446677963033e-07i,1.0858545613742e-07-3.65776255327141e-08i,-5.7687292428844e-09-1.84245019060371e-07i,7.94933176293024e-10+4.88138471179351e-08i,2.59886619773767e-08+5.92943033194267e-08i,1.37457674939432e-08+6.819618861313e-09i,-1.44410791448479e-09+5.43236739463659e-08i,-6.88440820974212e-05-9.92620522431077e-05i,4.32957095199762e-05-3.38287199751868e-05i,1.05372698182621e-05+1.25063474772758e-05i,-4.5685858278896e-06+1.7277655855492e-06i,-2.1467754595091e-07-1.32276620038077e-06i,-4.96917164815552e-08+3.71346207278012e-07i,-9.48074507116514e-08+1.5743588632501e-07i,1.08586347538235e-07+3.65614571313852e-08i,-5.7490432838914e-09+1.84256139769939e-07i,7.90843355224938e-10-4.88071481890406e-08i,2.59876593508052e-08-5.92850076358186e-08i,1.37431791129745e-08-6.81581716088454e-09i,-1.44508023025138e-09-5.4322234170924e-08i
6.98268486266877e-05+1.99928249817162e-09i,3.44968484382188e-05+6.72136381775976e-10i,1.16275755857111e-05+2.07675075589319e-10i,2.93265023956063e-06+5.10210793519257e-11i,6.41373535644352e-07+4.04683838935883e-12i,-3.40865934647166e-07+9.12262176974832e-13i,-1.31849419606963e-07+1.37158364093313e-11i,-7.63745436200985e-08-3.70888428467512e-12i,-6.95614949910548e-08+9.49841455087875e-13i,4.41582991714513e-08+0i,2.65657616880769e-08-6.41154583654632e-12i,7.32454283307399e-09+1.82828066172036e-12i,1.54645580420123e-08+1.08886031553476e-12i,4.5065090939898e-05+3.27542979022374e-09i,-1.94754570888651e-05-1.79946779498268e-09i,6.4746046487146e-06+6.34050611599699e-10i,-1.25570915891378e-06-1.6505629503366e-10i,2.20307615678014e-07+3.90698422191009e-11i,1.35579880897604e-07+1.46253777080757e-11i,6.68817762950859e-09-9.39312186405219e-12i,-6.16777622602366e-10+6.50628837446387e-12i,-1.28664788518212e-08-4.91268535881927e-12i,-1.12916836418323e-08-1.32789860224049e-12i,-3.89165099945118e-09+7.32772161720229e-13i,1.82202451708515e-09+3.82062367208131e-13i,2.1908109168162e-09+4.89393932571713e-13i,5.93787205883863e-05-3.89024087911062e-06i,-1.27443009360276e-07-2.79206241948848e-05i,-9.49884362899778e-06-2.76254331913355e-07i,-5.88684859865703e-08+2.27660907694687e-06i,4.87524736660289e-07-6.99807223857791e-09i,-6.58341602494746e-08+2.38923488869489e-07i,7.09441830991056e-08+7.14409076818402e-08i,1.67566785963051e-08-4.95553834967477e-08i,-4.88131731681007e-08+7.93018254624131e-10i,1.0729206252443e-08-2.52965333720096e-08i,-1.15893994224454e-08-1.88821407692076e-08i,-5.82392288990474e-09+4.83177824766184e-09i,9.39762792460087e-09-1.31443704940994e-09i,5.93771989589696e-05+3.89471604321752e-06i,-1.2956106338304e-07+2.7919334784213e-05i,-9.4983297246091e-06+2.75544278298742e-07i,-5.87222017255409e-08-2.27642584982079e-06i,4.8749228289822e-07+7.02652840145122e-09i,-6.5803873748224e-08-2.38889304809378e-07i,7.09203290427696e-08-7.1424781905504e-08i,1.67638816825469e-08+4.95393698237458e-08i,-4.88091228228469e-08-7.93430758745708e-10i,1.07247361505027e-08+2.52908115713972e-08i,-1.15853310496812e-08+1.88737177743571e-08i,-5.82601852930472e-09-4.82564700503228e-09i,9.39481528266844e-09+1.31354121973713e-09i
1.47583533188372e-05+7.90449530929269e-09i,1.03932171000177e-05+3.95470142531857e-09i,4.11612456525815e-06+1.32848071372088e-09i,7.99914638103866e-07+3.58224147214249e-10i,1.13657256951417e-07+6.60627131809197e-11i,-2.17335289084757e-07-4.22614016738775e-11i,-1.78482422250254e-07-1.15295213980418e-11i,-3.52771156058418e-08-9.60278982140593e-12i,-4.13471877081564e-09-4.77361231722392e-12i,2.65657616880769e-08+6.41154583654637e-12i,4.60472576025558e-08+0i,1.24830469044999e-08+1.75226614274892e-12i,-4.37473351591738e-09+2.47991891247804e-12i,3.33998081695028e-05+3.78859535215489e-09i,-1.25821942799806e-05-1.59759709503212e-09i,3.51563152841792e-06+5.18326300350466e-10i,-8.58050665482119e-07-5.77281325305589e-11i,2.03204739314711e-07+1.05410590813873e-11i,5.41414023415072e-10+4.84604195431997e-12i,1.13820751673449e-07+7.44744682491674e-12i,-2.25209941079654e-08-2.6252916367278e-12i,-2.09975999908285e-08-3.98582712512521e-13i,3.89195442867175e-09+1.4992298913197e-12i,-2.95308635032632e-08-2.02840906086347e-12i,1.21210250916301e-08+1.46802253684025e-12i,7.33050066201131e-09-1.74549980318662e-12i,2.94869643958993e-05+2.55727097283058e-05i,1.50702232501349e-05-1.37096242505408e-05i,-4.67865885972928e-06-5.1769458160279e-06i,-1.74861332976734e-06+1.1498404701846e-06i,2.48628658574075e-07+4.58529402935822e-07i,-1.55506519186405e-07+1.16228617374355e-07i,3.02732069389597e-08+1.21091687345946e-07i,6.96332818165725e-08-2.22663169117344e-08i,-2.59927219536541e-08-5.92937284096908e-08i,1.88819069838032e-08-1.15896148921286e-08i,-6.17322009583514e-09-2.21782322388202e-08i,-6.50512081508698e-09+1.40763389418606e-09i,3.96702334080605e-09+1.40650573929753e-08i,2.94847844329724e-05-2.5559390283438e-05i,1.50639879754068e-05+1.37089439427605e-05i,-4.67848827039015e-06+5.17481149084993e-06i,-1.74810599951956e-06-1.14972351707224e-06i,2.48603993035507e-07-4.58420075028707e-07i,-1.55441718172708e-07-1.16225248869963e-07i,3.02976047589072e-08-1.21066486000526e-07i,6.96312065137868e-08+2.2254842027928e-08i,-2.59891165809259e-08+5.92831447588709e-08i,1.8873991480171e-08+1.15872211753279e-08i,-6.18442157253141e-09+2.21675193730949e-08i,-6.50674654723245e-09-1.40178497136037e-09i,3.9620038215155e-09-1.40650787560725e-08i
1.24437090613313e-05-5.26304879774023e-09i,6.73004468891671e-06-2.64781449505169e-09i,2.62702091221302e-06-8.9628146941672e-10i,7.66473347764695e-07-2.82587858635026e-10i,1.86459125150475e-07-7.68383164715888e-11i,-7.1784627700144e-08+1.97896904071935e-11i,-6.65519700138325e-08+1.02460080657059e-11i,-4.73711349018548e-08+8.81677282089402e-12i,-2.31223464673227e-08+1.01799958647851e-11i,7.32454283307357e-09-1.82828066172036e-12i,1.24830469044999e-08-1.75226614274892e-12i,9.96473265809228e-09+0i,3.7458072415656e-09-2.08417588893974e-12i,1.30737977160631e-05+7.39056309620225e-10i,-4.87499189373638e-06-5.68859352918935e-10i,1.64312042172951e-06+1.54130762438169e-10i,-5.1604464147005e-07-7.68457969257746e-11i,1.38079263578373e-07+2.82708780436676e-11i,-4.18222777274323e-09+2.98637585971426e-12i,3.34684211032335e-08-3.66792383048657e-12i,1.37825098775635e-08+3.80244641925226e-12i,-1.79909885005578e-08-5.51893472724082e-12i,1.82189943606682e-09-1.42339204320291e-13i,-1.2121113047733e-08+1.04468171871419e-12i,1.16871890022446e-09+1.89762214356949e-13i,5.10022750553649e-09+9.70672134091573e-13i,2.83812793479974e-06+5.80819288155375e-06i,3.77833064132928e-06-1.53229357961995e-06i,-3.64138302887767e-07-1.35289730244468e-06i,-4.51401223242763e-07-2.91984845352943e-08i,-2.85733398792812e-08+1.16730572957428e-07i,-4.71978101461129e-08+2.47174037110291e-08i,4.47795397049823e-09+3.81650238794316e-08i,1.59468835480615e-08+1.00458635879797e-08i,6.82075052573547e-09-1.37463984875466e-08i,5.82406626659001e-09-4.83096778420886e-09i,-1.40718456206537e-09-6.50556792715877e-09i,-9.09312917169103e-10-1.57871861647602e-09i,-3.99063730432453e-10+3.3074376150704e-09i,2.84187831353528e-06-5.81024237931219e-06i,3.77935065317051e-06+1.53355962138879e-06i,-3.64419380286522e-07+1.35320352346188e-06i,-4.51441744404468e-07+2.90909105952224e-08i,-2.85330116745661e-08-1.16730037807713e-07i,-4.72102623031113e-08-2.46977844970436e-08i,4.4574235813871e-09-3.81673532669597e-08i,1.59433846370845e-08-1.0051788035949e-08i,6.81564982936849e-09+1.37434475534168e-08i,5.82596045014047e-09+4.82637717453359e-09i,-1.40220371862168e-09+6.50527561797346e-09i,-9.08602289218467e-10+1.58282128284306e-09i,-3.98059126281125e-10-3.30764102200412e-09i
5.60298974785102e-05-1.61090495006425e-09i,2.63299189725771e-05-8.91987200202924e-10i,8.6014560593854e-06-2.87575760174426e-10i,2.70684839539119e-06-8.00580036940252e-11i,7.09809949599014e-07-1.95112112780003e-11i,-1.47392757872775e-07+8.74240758942718e-12i,-3.08543130394812e-08+7.49510046095716e-12i,-8.70412264783667e-08-1.9167376611492e-12i,-9.21483829369585e-08+1.27716076756312e-12i,1.54645580420123e-08-1.08886031553477e-12i,-4.37473351591738e-09-2.47991891247804e-12i,3.7458072415656e-09+2.08417588893974e-12i,2.38599436841372e-08+0i,-5.77139273929858e-06+1.10026469910083e-09i,3.24672573935046e-06-6.09041307764244e-10i,-4.89613491190337e-07+1.99388531587647e-10i,5.14007335660516e-07-7.17054942930682e-11i,-1.91618573590498e-07+2.05454608545282e-11i,2.0007124232954e-08+2.62266023703594e-12i,-2.02395336551367e-08-6.15070913274202e-12i,-9.50978077699014e-09+1.95953013965533e-12i,3.03928311334499e-08-3.18427225357713e-12i,-2.19082956965975e-09-4.32581278169963e-13i,7.33098603843716e-09+2.05480022991681e-12i,-5.10011122986295e-09+6.99874154439377e-13i,-1.00842654705259e-08+6.18721700980075e-13i,1.38769872897978e-05-2.86711734008478e-05i,-1.28686944737435e-05-6.80929869733123e-06i,-2.15865745915952e-06+3.79738646249426e-06i,1.37567252397939e-06+3.8580303193774e-07i,5.88514308337936e-08-3.94955647233483e-07i,2.54864259376742e-08+7.0794703502583e-08i,1.99678817998153e-08+3.09645713915679e-08i,-3.45240761212394e-08+1.31715123440834e-09i,-1.44173770866897e-09+5.43235695906761e-08i,-1.31452515347895e-09-9.39735416196884e-09i,-3.96638981431362e-09-1.40655569945866e-08i,-3.30752258222243e-09-3.98828085209676e-10i,1.25496387498491e-09-1.5711264070454e-08i,1.38784017018565e-05+2.86697878023898e-05i,-1.28680347311109e-05+6.80969310842891e-06i,-2.15872975613264e-06-3.79714534636301e-06i,1.37560389151537e-06-3.85842249032618e-07i,5.88724361468121e-08+3.94940459603288e-07i,2.54800433721993e-08-7.0783983656439e-08i,1.9951050090042e-08-3.09665876695042e-08i,-3.45213071370026e-08-1.31551344920056e-09i,-1.44619510902074e-09-5.432179803085e-08i,-1.31308648544229e-09+9.39433036486534e-09i,-3.96117150779277e-09+1.40656387064805e-08i,-3.30720780989798e-09+3.98312083726959e-10i,1.25583077962119e-09+1.57108426619303e-08i
0.0845647624871986+1.6280992551936e-08i,0.0385861021586631+9.86877396213889e-09i,0.0141688045607723-1.22634800429125e-08i,0.00261423206795632-7.81598894946134e-09i,0.000393356449524943-6.59407186385159e-09i,-0.00042660053701159+1.25123526156002e-08i,-0.000138601908426493+5.1502707671466e-09i,-4.34190583855561e-05-1.5762187409873e-09i,-1.74964104481725e-05+9.50528128861587e-10i,4.5065090939898e-05-3.27542979022374e-09i,3.33998081695028e-05-3.78859535215489e-09i,1.30737977160631e-05-7.39056309620225e-10i,-5.77139273929858e-06-1.10026469910083e-09i,0.199961652545633+0i,-0.0940484853734924-1.05573406092605e-10i,0.0312647533628034+2.9297484757451e-09i,-0.0086324290717554-2.29350101978208e-08i,0.00207328021736144+8.92508485430616e-09i,0.000669756950000792-1.14556057385134e-08i,-0.000172243310501018+1.89709268565599e-08i,0.000227397606583232+1.51739454675381e-08i,-0.000244455141838838-5.65380083355722e-09i,-6.98271786792686e-05+3.65567205194642e-09i,1.47571107730494e-05-1.01295286057587e-08i,-1.24430349397054e-05-4.73344971913295e-09i,5.60299453761111e-05+1.27029972026101e-09i,0.118743991320088+0.0529030333609879i,0.0236346553863568-0.0564013100780865i,-0.0187244647923886-0.00694043834485141i,-0.00250663110961804+0.00412295037759983i,0.00080846803611912+0.000716374666821656i,-4.94080239703025e-05+0.000521132153950114i,0.000143445137413285-5.98248971252267e-05i,6.37576991370256e-05-5.17229829583811e-05i,-6.8845207163249e-05-9.92619614470493e-05i,3.89492653417102e-06-5.93770165625459e-05i,-2.94818328096402e-05+2.55573229435211e-05i,5.81014842100986e-06+2.84292928185807e-06i,1.38793243105948e-05+2.8669065447844e-05i,0.118744023383128-0.0529030149872489i,0.0236346768383765+0.0564013422140187i,-0.0187244664054937+0.00694043839325016i,-0.00250665073425064-0.00412293481264194i,0.000808450565350999-0.000716372450048433i,-4.93864828976859e-05-0.000521133279878939i,0.000143457857639567+5.98505863538069e-05i,6.37712213006955e-05+5.171222149794e-05i,-6.88384253784915e-05+9.92593411607775e-05i,3.89088735047083e-06+5.93786819536683e-05i,-2.94872104835228e-05-2.55769203864893e-05i,5.80766095688486e-06-2.8378479596859e-06i,1.38774233554886e-05-2.86725293815287e-05i
-0.0385861120796245-4.14476208817558e-08i,-0.017264029522983-1.96056394489358e-08i,-0.00630348909482384+1.28484020895636e-09i,-0.00111395236617205+3.59300382699703e-09i,-0.00015612015490392+2.11726034953513e-09i,0.000186095585068359-6.48170323485505e-09i,5.0130042283813e-05-2.18540391146629e-09i,1.35271197435508e-05+4.39421398416003e-10i,4.68304674012192e-06-2.36693401590836e-10i,-1.94754570888651e-05+1.79946779498268e-09i,-1.25821942799806e-05+1.59759709503212e-09i,-4.87499189373638e-06+5.68859352918935e-10i,3.24672573935046e-06+6.09041307764244e-10i,-0.0940484853734924+1.05573406092605e-10i,0.0446265344359636+0i,-0.0148726859657681-3.62296705341146e-09i,0.0041047786991693+1.31924992546989e-08i,-0.000984403866389183-3.9953683547402e-09i,-0.00032801402799337+4.69622353231738e-09i,9.60058481829214e-05-8.89880921554862e-09i,-0.000110058210091893-7.46538266811659e-09i,0.000115655402641433+2.51565902622202e-09i,3.44970099550905e-05-1.48922118370482e-09i,-1.03926218698523e-05+4.93626562611855e-09i,6.72973522830814e-06+2.41695809683299e-09i,-2.63299384896756e-05-7.42275220406302e-10i,-0.0564013328491206-0.023634648680181i,-0.0101772506640583+0.026756932032422i,0.0088975493357136+0.00290960682329322i,0.00106559079961446-0.00197326967045358i,-0.000389891297778218-0.000308572820394738i,8.77654826262284e-06-0.000245727203482109i,-6.75148510460698e-05+4.27644163767947e-05i,-2.40611851984596e-05+2.61876002622211e-05i,3.38292373409671e-05+4.32956602808372e-05i,-1.29644693974701e-07+2.79192664280993e-05i,1.37075486357371e-05-1.50631228755526e-05i,-3.77931686245592e-06-1.53406439191898e-06i,-6.81012122193132e-06-1.28677476159825e-05i,-0.0564013396989262+0.0236346919974324i,-0.0101772825241027-0.0267569543654666i,0.00889755661171561-0.00290961552392391i,0.00106560290149052+0.00197326768027172i,-0.000389882578470099+0.000308572738360071i,8.76652061942562e-06+0.000245729468546572i,-6.75209359488356e-05-4.27762427484635e-05i,-2.40676959843392e-05-2.6183381717386e-05i,3.38258420386212e-05-4.32946702189187e-05i,-1.2772983118706e-07-2.79205909761074e-05i,1.37097777541737e-05+1.50721011278887e-05i,-3.77811424413944e-06+1.53214641598496e-06i,-6.80948612132732e-06+1.28693086492051e-05i
0.0141688119760053+3.99064736091193e-08i,0.00630349109211311+1.91179243145231e-08i,0.00227804114906849+3.84072312632635e-09i,0.000432500114381896+2.20739956498222e-10i,6.91212475218623e-05-1.68714492472698e-10i,-6.29625064603853e-05+2.18010735590919e-09i,-1.51081733528773e-05+7.16100019560735e-10i,-6.52591606957635e-06-2.72003384321614e-10i,-3.93661378119236e-06-6.24855582723464e-11i,6.4746046487146e-06-6.34050611599699e-10i,3.51563152841792e-06-5.18326300350466e-10i,1.64312042172951e-06-1.54130762438169e-10i,-4.89613491190337e-07-1.99388531587647e-10i,0.0312647533628034-2.9297484757451e-09i,-0.0148726859657681+3.62296705341146e-09i,0.00498730295852617+0i,-0.00137355209505591-3.94443487336784e-09i,0.000328607456208764+1.14423311390778e-09i,0.000111269473052355-1.63696539777321e-09i,-3.49359874817161e-05+2.96571053671669e-09i,3.78209079839429e-05+2.51581417372617e-09i,-3.85127575599121e-05-8.49945747164992e-10i,-1.16276354341082e-05+5.15657996526551e-10i,4.11593393295206e-06-1.6144272985331e-09i,-2.62690984927994e-06-8.36365613258921e-10i,8.60146109521397e-06+2.45921585732136e-10i,0.0187244784273988+0.0069404306524989i,0.00290960456336748-0.00889755223875831i,-0.00294780713809498-0.000814790261283445i,-0.000301779101950629+0.000644878923865765i,0.000125520259525853+8.82385382821e-05i,1.13274851598072e-07+8.26131591665932e-05i,2.25006224607513e-05-1.58892436824753e-05i,6.16289258268824e-06-7.64857892344602e-06i,-1.05374523293496e-05-1.2506326374614e-05i,-2.75545713650994e-07-9.4983304065428e-06i,-4.67799876410024e-06+5.17453813236835e-06i,1.35319601445671e-06+3.64589903214323e-07i,2.15888985841595e-06+3.79705565549187e-06i,0.0187244664475543-0.00694044849440805i,0.00290961764836536+0.00889755653555754i,-0.00294780967355023+0.000814794784909461i,-0.000301783947368466-0.000644878648522528i,0.00012551732949304-8.82386628744876e-05i,1.16522355238949e-07-8.26141559717264e-05i,2.25027098294986e-05+1.58931183763805e-05i,6.16507076818337e-06+7.64744076663607e-06i,-1.05363509844704e-05+1.25059485178933e-05i,-2.76125070604059e-07+9.49879594479461e-06i,-4.67871357931976e-06-5.17754341575267e-06i,1.35283396697997e-06-3.64101320195566e-07i,2.15871023426871e-06-3.79758816273486e-06i
-0.00261423238659901-1.59240723648149e-08i,-0.00111395202486203-8.64190361975388e-09i,-0.000432499833069424-2.22781379738752e-09i,-6.67709301835789e-05-5.27603939792481e-10i,-6.69395988675398e-06-1.53128801051469e-10i,1.27616748348718e-05-5.36829120145695e-10i,3.18867951723871e-06-5.35855912321428e-11i,9.6204566190827e-07+1.84523407607477e-11i,-3.03549102695968e-07+5.25948379417319e-11i,-1.25570915891378e-06+1.6505629503366e-10i,-8.58050665482119e-07+5.77281325305589e-11i,-5.1604464147005e-07+7.68457969257746e-11i,5.14007335660516e-07+7.17054942930682e-11i,-0.0086324290717554+2.29350101978208e-08i,0.0041047786991693-1.31924992546989e-08i,-0.00137355209505591+3.94443487336784e-09i,0.000395109061307698+0i,-9.74787865968828e-05-1.23527668590206e-10i,-2.87756229427203e-05+5.18728807865589e-10i,9.02788652597365e-06-8.57534609732148e-10i,-1.16601733252279e-05-6.69850010744346e-10i,1.18327820758325e-05+2.47321236814844e-10i,2.93266738968718e-06-1.79730418286251e-10i,-7.99847152487402e-07+4.11202884687575e-10i,7.66441404991519e-07+2.57067047798272e-10i,-2.70684971797083e-06-4.34171638338711e-11i,-0.00412295061906773-0.0025066242608399i,-0.00106558814480856+0.0019732689663218i,0.000644878294294098+0.000301778356721959i,0.000111400435951524-0.000133509835463634i,-2.43621208666562e-05-3.24284215582304e-05i,4.01782357834044e-07-1.90784531190457e-05i,-5.11352886009898e-06+5.15534774286807e-06i,-2.38135064833507e-06+8.26136258048035e-07i,1.7278137858493e-06+4.56859442919131e-06i,5.87208563011572e-08+2.276433988334e-06i,1.14960268493974e-06-1.74802540006567e-06i,-4.51435292102936e-07+2.9063339047488e-08i,-3.85875050348006e-07-1.37557929958478e-06i,-0.00412293626121918+0.00250665901395014i,-0.00106560579963537-0.00197326802395764i,0.00064487878911514-0.000301784722083373i,0.000111403039846676+0.000133509400711026i,-2.43611232223108e-05+3.24287383060584e-05i,4.01159979528072e-07+1.90788671288796e-05i,-5.11434661431696e-06-5.15626520400501e-06i,-2.38182398628784e-06-8.25828597837562e-07i,1.72746545562292e-06-4.56844021898211e-06i,5.88307638634571e-08-2.27658473002711e-06i,1.14988239544215e-06+1.74880951419869e-06i,-4.51379615940202e-07-2.91858957787196e-08i,-3.85823620833103e-07+1.37573731365171e-06i
0.000393354890404071+3.94940866262074e-09i,0.000156119293152648+1.43515662985894e-09i,6.91208961726892e-05+9.56487097264347e-11i,6.693881429121e-06-3.91028303259253e-11i,-6.22901956394789e-07-1.79949749451313e-12i,-2.31653140938456e-06+1.43184686887989e-10i,-6.51341113526396e-07+3.31667453694111e-11i,-8.95734525391104e-08+2.81669949420361e-11i,3.22032423816044e-07-5.88475948157034e-12i,2.20307615678014e-07-3.90698422191009e-11i,2.03204739314711e-07-1.05410590813873e-11i,1.38079263578373e-07-2.82708780436676e-11i,-1.91618573590498e-07-2.05454608545282e-11i,0.00207328021736144-8.92508485430616e-09i,-0.000984403866389183+3.9953683547402e-09i,0.000328607456208764-1.14423311390778e-09i,-9.74787865968828e-05+1.23527668590206e-10i,2.46021161090275e-05+0i,6.4969441992579e-06-9.20045487068276e-11i,-1.99908264465379e-06+1.63793178168539e-10i,2.99700675396464e-06+1.59913263491584e-10i,-3.05246195512287e-06-6.23057299135514e-11i,-6.41377409518841e-07+4.38524776038312e-11i,1.13638879281214e-07-7.65820921647977e-11i,-1.86451214259367e-07-6.7486576113104e-11i,7.0980974393023e-07+4.13546070987493e-12i,0.000808467668281912+0.000716371289081769i,0.000308571376330652-0.000389890786019687i,-0.00012552000654123-8.8238136531729e-05i,-3.24283876001735e-05+2.43621384898756e-05i,4.08265025545142e-06+9.39829100312217e-06i,-2.77595881811432e-07+3.92784489457222e-06i,1.03009498096567e-06-1.30375149175717e-06i,7.31346867380893e-07+1.66243858043116e-08i,-2.14688121980673e-07-1.32277110667903e-06i,7.02601529443061e-09-4.87496786089244e-07i,-2.48578118139415e-07+4.58399809130559e-07i,1.16727019782236e-07-2.85308145808132e-08i,5.88781769475095e-08+3.94933936674699e-07i,0.000808453182760092-0.000716374392764496i,0.000308573376124787+0.000389883801120353i,-0.000125517730277214+8.82387991083245e-05i,-3.24286750477097e-05-2.43611737471982e-05i,4.08220016565548e-06-9.3982712208602e-06i,-2.77469326437634e-07-3.92785185257484e-06i,1.03025050606688e-06+1.30395654391082e-06i,7.3141400726042e-07-1.67370988276269e-08i,-2.14574199750796e-07+1.32270645305304e-06i,7.00829316814627e-09+4.87516785499035e-07i,-2.48643550385286e-07-4.58581101398621e-07i,1.16724512723177e-07+2.85654133559248e-08i,5.88580209373848e-08-3.94972021760621e-07i
