0.213652358244623+0i,0.0842646825122376+1.30226249582309e-12i,0.0234813068462094-2.28514376953344e-11i,0.0056011948061479-2.67472628176652e-11i,0.000836280312126936+1.78948037057227e-11i,-0.000552520659491067-3.90266436500262e-11i,5.99827553716581e-05-1.77319473947442e-11i,-3.85832526277305e-05+1.85036107871228e-11i,-6.98863907396592e-05-5.18815211688541e-12i,6.10755471622526e-05+7.51732821202051e-12i,-2.68431049632946e-05+4.32676798251938e-12i,-5.10613373379703e-06+3.67287933329129e-12i,1.82768111000436e-05+3.04922694994476e-12i,0.0879474933675503-1.44798815195005e-11i,-0.0337549839107496-2.84369016398323e-10i,0.0102025677036346+1.63309338572703e-10i,-0.00159417476021074-5.95411494621344e-11i,3.96114163909313e-05-3.42574818514452e-11i,0.000292629533040208+1.11709460806778e-12i,1.23550336468957e-05-5.35633504957664e-13i,-4.42257374469792e-05+6.23165324944295e-12i,2.59214343533319e-05+1.04168432375451e-13i,-3.74019168964479e-05+6.16478706884567e-12i,-1.07446114890043e-05-6.38246621653794e-12i,9.37267397402984e-06+2.13485645817592e-12i,-3.52073982597566e-06+1.10426281154438e-12i,0.123887901429245-0.0580081857527026i,-0.0217004799337169-0.0494630937154988i,-0.0137546890850026+0.00550423447213448i,0.00170489487559922+0.00259810673174079i,0.000231562767395986-0.000338737251970034i,6.15961343101015e-05+0.000390168922785828i,-2.9099440588911e-05+6.55011242028797e-05i,-3.35823217190481e-05+4.8566084716857e-05i,5.78062401120168e-06+4.38623972078078e-05i,-3.66243049255536e-06-4.48436880272559e-05i,1.44438993396278e-05-1.54373047406778e-05i,1.28517170254397e-06-1.38610950188942e-05i,1.26443046430791e-06-1.05909998412702e-05i,0.123887901513561+0.0580081859860276i,-0.0217004802039541+0.0494630934826299i,-0.0137546889112064-0.00550423452440026i,0.00170489487976864-0.00259810664516026i,0.000231562844631435+0.00033873727661642i,6.15961099499954e-05-0.000390168966667362i,-2.90994264911296e-05-6.55011222133704e-05i,-3.35823243255706e-05-4.85661125921481e-05i,5.78061686700238e-06-4.38623905664268e-05i,-3.66241847627339e-06+4.48436990916247e-05i,1.44438828363248e-05+1.54373050605362e-05i,1.28517906462027e-06+1.38611060367022e-05i,1.26443036412885e-06+1.05909952326334e-05i
0.0842646825122376-1.30226249582309e-12i,0.033555978531188+0i,0.00937324139829778-9.51566670694723e-12i,0.00223328195381908-9.00801056430868e-12i,0.000334659801886739+4.75901380619121e-12i,-0.000229340152142171-1.53565407291353e-11i,1.54590897663567e-05-8.04466044981635e-12i,-1.56219866579335e-05+6.60274031081328e-12i,-2.7525465348082e-05-1.77883460724549e-12i,2.54696264783575e-05+2.84188441945353e-12i,-9.03209620708254e-06+2.02302119740697e-12i,-1.96507116876228e-06+1.94295516537491e-12i,7.08740103546022e-06+1.18108484319902e-12i,0.0337549837430072-3.26690790553624e-10i,-0.0126880712716593+1.48053265691716e-11i,0.00381609227485639+2.88165448538501e-11i,-0.000572132343317658-1.20939205854662e-11i,4.26869484168712e-06-1.23702162415434e-11i,0.000103820152737624+2.67229628584841e-13i,1.18060626657183e-05-1.5043625497619e-12i,-1.92997841111738e-05+1.69413143343697e-12i,1.11162197723929e-05-2.27691847703533e-13i,-1.32915972518563e-05+2.49454194968074e-12i,-5.41118988915737e-06-1.71383672869587e-12i,3.92141249152536e-06+9.93273734544966e-13i,-1.50045536494609e-06+2.08147122526365e-13i,0.0494630935680044-0.021700479852956i,-0.00781457135148825-0.0197269899545898i,-0.00549274667552423+0.00194145318873323i,0.000610490471578066+0.0010453878814196i,9.54211666165522e-05-0.000121220688061229i,1.20158557064519e-05+0.000154953748505558i,-1.17413929544392e-05+3.27553874279166e-05i,-1.16736168818571e-05+1.84190014002561e-05i,1.75525248416585e-06+1.63373446683249e-05i,-2.04826241802774e-09-1.78422323256706e-05i,5.80482672145637e-06-7.29909171284762e-06i,3.46839280248983e-07-5.38557687132202e-06i,6.15080436589034e-07-4.06671032872571e-06i,0.0494630933003899+0.0217004801236692i,-0.00781457148035633+0.0197269897174166i,-0.00549274656506858-0.00194145321211878i,0.000610490476534735-0.00104538783456911i,9.54211950433199e-05+0.000121220697465897i,1.20158432749667e-05-0.000154953763378309i,-1.17413895096422e-05-3.27553900391018e-05i,-1.1673617911027e-05-1.84190146279648e-05i,1.75525056933954e-06-1.63373418729978e-05i,-2.04315394785523e-09+1.78422357164464e-05i,5.80482108002421e-06+7.2990928318475e-06i,3.46841866340306e-07+5.38558197213193e-06i,6.1508000549196e-07+4.06670838707202e-06i
0.0234813068462094+2.28514376953344e-11i,0.00937324139829778+9.51566670694723e-12i,0.00262938968466966+0i,0.000625501801161955-1.04167039324868e-12i,9.36729511820131e-05+1.19207574400097e-12i,-6.50258680559456e-05-4.13203818341727e-12i,3.20271241057421e-06-2.1734526009648e-12i,-4.63167284639575e-06+1.71276698708019e-12i,-7.64156720927049e-06-4.78305965946702e-13i,7.2444724056933e-06+7.0839898235695e-13i,-2.33114082435003e-06+5.02721722462685e-13i,-4.78915723419221e-07+5.40718613352837e-13i,1.95456429140786e-06+3.12491312302524e-13i,0.0102025676301635-1.69429425972954e-10i,-0.00381609226367942+3.4470104179174e-11i,0.00114059676791923-3.75169650885165e-13i,-0.000182356645292904-6.84000437237174e-13i,5.50932070606993e-06-3.48094268583291e-12i,2.9519537776569e-05+7.70157850036234e-14i,4.1918340483593e-06-7.04810655791342e-13i,-4.74889353091501e-06+3.81883776207437e-13i,2.53637040946362e-06-1.07266934640386e-14i,-3.74768053511705e-06+6.04073776112812e-13i,-1.7324865404277e-06-3.78269718516356e-13i,1.02240936163595e-06+2.70297139802513e-13i,-2.80870918693623e-07+3.14341609585617e-14i,0.0137546890529813-0.00550423441415065i,-0.00194145317553948-0.00549274667903886i,-0.00152516670342807+0.00047655785812153i,0.000151180985999518+0.000286929245081721i,2.51992858950729e-05-3.00035556145402e-05i,1.61161432492388e-06+4.34624212676008e-05i,-3.39322823426709e-06+9.42515147086608e-06i,-2.84976007531888e-06+5.60933564175728e-06i,7.26934181760564e-07+4.13595143894455e-06i,1.68114173228726e-07-5.01268516782489e-06i,1.63319342224525e-06-2.05481175853794e-06i,7.20260805436796e-08-1.58946081221974e-06i,1.27593016779698e-07-1.04637206234483e-06i,0.0137546888675571+0.00550423447004693i,-0.00194145320043902+0.0054927465672634i,-0.00152516666091135-0.000476557860987924i,0.000151180986760306-0.000286929228560885i,2.5199292705908e-05+3.0003558083653e-05i,1.61161043161895e-06-4.34624248025172e-05i,-3.39322763825622e-06-9.4251525522049e-06i,-2.84976030068983e-06-5.60933951456378e-06i,7.26933800210082e-07-4.13595058545732e-06i,1.68115622822771e-07+5.01268585543371e-06i,1.63319206691638e-06+2.05481218898195e-06i,7.20267813914962e-08+1.58946224163038e-06i,1.27592832143647e-07+1.04637145077878e-06i
0.0056011948061479+2.67472628176652e-11i,0.00223328195381908+9.00801056430868e-12i,0.000625501801161955+1.04167039324868e-12i,0.000155510013102834+0i,2.48522731852833e-05+6.6871295147154e-13i,-1.48618691343265e-05-1.04943936887136e-12i,8.07525763861217e-07-5.57048778228802e-13i,-1.78092327777163e-06+4.63302588343513e-13i,-2.28079237658718e-06-1.32427591130083e-13i,1.62725793226904e-06+1.88214484719529e-13i,-5.62379663643596e-07+1.70153703092958e-13i,-8.90253466440077e-09+1.75676496533162e-13i,5.58922857765369e-07+1.00091468445775e-13i,0.00159417476889774-5.98490624524416e-11i,-0.000572132350936602+1.25231210446118e-11i,0.000182356648097934-7.23125826032441e-13i,-2.28513013377925e-05+4.23807229515249e-14i,-1.62684499810876e-06-1.05544949661696e-12i,4.74517001518489e-06-6.5093492624784e-14i,6.4998514286655e-07-1.37719941130875e-13i,-1.04133277495624e-06+7.42689271109229e-14i,8.21347002282154e-07+1.69588456076823e-14i,-6.586786398751e-07+2.59217718122483e-13i,-3.00603522244526e-07-1.35478899084679e-13i,1.73927588023784e-07+5.39461193098139e-14i,-1.25780667714145e-07-1.73373537689771e-14i,0.00259810670364266-0.00170489484312088i,-0.000610490460609699-0.00104538787578063i,-0.000286929243634764+0.000151180983971495i,4.78164570037811e-05+5.10682730131969e-05i,3.64286343130653e-06-9.5482120339025e-06i,7.96662050797268e-07+8.56876217110581e-06i,-6.63662622066257e-07+2.68260657081397e-06i,-9.25281882698293e-07+1.45708718359534e-06i,3.42949146404346e-07+1.30157052973225e-06i,2.55966003143592e-08-9.8945652970591e-07i,3.07506581890295e-07-5.92420117063388e-07i,2.94954929751151e-08-3.70116380730663e-07i,-1.38705877470533e-08-3.23800010472726e-07i,0.00259810661193067+0.00170489485755538i,-0.000610490470002349+0.0010453878264348i,-0.000286929226426285-0.000151180986215375i,4.78164575326734e-05-5.10682666023684e-05i,3.64286523128872e-06+9.54821254926573e-06i,7.96661325738665e-07-8.56876306451534e-06i,-6.63662382356358e-07-2.6826066659479e-06i,-9.25281930041549e-07-1.45708824259528e-06i,3.42949002611757e-07-1.30157025823955e-06i,2.559695384843e-08+9.89456819720129e-07i,3.07506097932767e-07+5.92420229357712e-07i,2.94955985001299e-08+3.70116814027848e-07i,-1.38706101845134e-08+3.23799873137198e-07i
0.000836280312126936-1.78948037057227e-11i,0.000334659801886739-4.75901380619121e-12i,9.36729511820131e-05-1.19207574400097e-12i,2.48522731852833e-05-6.6871295147154e-13i,4.36093444824973e-06+0i,-2.11751914562109e-06-3.15226928848444e-13i,8.7394983101039e-08-2.09602530574377e-13i,-4.27229927019785e-07+1.00307202309288e-13i,-4.55637372673705e-07+2.88808429220359e-15i,2.20103010294458e-07+6.45584717544531e-14i,-7.66385742676541e-08+6.88045979590637e-14i,2.39363071794184e-08+4.09066760470357e-14i,1.05859794041901e-07+1.70644357138874e-14i,3.96114100997501e-05+2.70705646692775e-11i,-4.26869280263671e-06-9.36678251083344e-12i,5.50932045640501e-06+2.59600274849901e-12i,1.6268452925877e-06-8.88222335054104e-13i,-9.72910550081736e-07-1.70503818533647e-14i,1.33255609418683e-07-1.39107601830613e-13i,5.07464316216142e-08+1.07289278150494e-13i,-1.4198263577349e-07+1.33799126923498e-14i,1.74448500532938e-07-2.80527000323037e-14i,-3.99492940680455e-08+9.89888664165356e-14i,-2.37513297807126e-08-4.98057724211257e-14i,1.02838847183178e-08+6.75522672806401e-15i,-3.23134100677968e-08-2.26731320907475e-15i,0.000231562756391815-0.000338737282839465i,-0.000121220695083403-9.54211620687969e-05i,-2.51992847704498e-05+3.00035569717694e-05i,9.5482129034493e-06+3.64286327269393e-06i,1.57973280137108e-08-1.91847777495954e-06i,1.61104308051347e-07+8.67393657307423e-07i,-7.58932594134811e-08+5.40757700852641e-07i,-1.88956630948881e-07+2.4762761037538e-07i,8.54822834815476e-08+2.63769662851907e-07i,5.69336442032024e-09-9.94322902433935e-08i,2.86252856876037e-08-1.18455115404591e-07i,6.95077580916167e-09-5.40933121531495e-08i,-1.11653948048055e-08-6.50239059503863e-08i,0.00023156282581896+0.000338737300856864i,-0.000121220702036667+9.54211899116513e-05i,-2.51992914174177e-05-3.00035588558224e-05i,9.54821329050647e-06-3.64286509944146e-06i,1.57983740979665e-08+1.91847782060692e-06i,1.61104229306137e-07-8.67394142111695e-07i,-7.58931732217127e-08-5.40757781513318e-07i,-1.8895662418263e-07-2.47627721802469e-07i,8.54821631754181e-08-2.63769605621561e-07i,5.69342410322251e-09+9.94324037135239e-08i,2.86251641279575e-08+1.18455161987319e-07i,6.95077374331411e-09+5.40933951113994e-08i,-1.11653821920331e-08+6.50238881302994e-08i
-0.000552520659491067+3.90266436500262e-11i,-0.000229340152142171+1.53565407291353e-11i,-6.50258680559456e-05+4.13203818341727e-12i,-1.48618691343265e-05+1.04943936887136e-12i,-2.11751914562109e-06+3.15226928848694e-13i,1.93815336523033e-06+0i,1.44856301652906e-07+9.82113332550659e-14i,6.85635309350786e-08-2.35089747686783e-14i,1.40508414762772e-07-3.09699367978769e-14i,-2.30033927989918e-07-3.99683699359499e-15i,1.12985304183451e-08-1.64938834187591e-14i,1.78631490781017e-08-2.69028931011886e-14i,-3.52241149767079e-08+1.58847089927379e-15i,-0.000292629518078545+7.89300775927223e-12i,0.000103820146085983-2.77366159310546e-12i,-2.95195360787862e-05+8.19605696542236e-13i,4.74516966120351e-06-5.95812675607358e-15i,-1.33255566164161e-07-1.27803922949879e-13i,-5.41145897609775e-07+1.31673165030593e-14i,-3.19921534621698e-07+4.78474197733207e-14i,1.64402892288278e-07-7.94206536887727e-15i,-5.74109915182931e-08+3.69013860413294e-14i,5.76929194711954e-08-9.21996142591695e-15i,8.42412074771146e-08-2.05380148742084e-14i,-3.61153785930511e-08-1.04453281939187e-14i,3.1742316930625e-09+1.74109901920109e-15i,-0.000390168886438661+6.15961372757336e-05i,1.20158563547506e-05+0.000154953735556785i,4.34624178063483e-05-1.61161427708062e-06i,-7.96662355735212e-07-8.56876138609538e-06i,-8.6739361786133e-07+1.61104641176923e-07i,3.65249703757495e-07-1.19647660877764e-06i,9.12967719037497e-08-3.64557801013863e-07i,-2.38239043475375e-09-1.0700013027388e-07i,6.99530932816252e-09-4.26075494904781e-08i,-5.48488556268038e-08+1.38577248534531e-07i,-4.57749051347714e-08+7.24906594022502e-08i,4.86300137622274e-09+3.63007212002944e-08i,-8.56586119920714e-09+1.4849183605564e-08i,-0.000390168917819076-6.15961131684183e-05i,1.20158449032865e-05-0.000154953745528361i,4.34624199681628e-05+1.61161076991266e-06i,-7.96661779672564e-07+8.56876209642964e-06i,-8.67393980310135e-07-1.61104628952249e-07i,3.65250020257232e-07+1.19647663038667e-06i,9.12969121216204e-08+3.64557926501823e-07i,-2.38236847349561e-09+1.07000278974189e-07i,6.99531624561982e-09+4.26075258170128e-08i,-5.48489174320112e-08-1.38577206329391e-07i,-4.57749382499752e-08-7.24906914959278e-08i,4.86298660019492e-09-3.63007796038835e-08i,-8.56584718595018e-09-1.4849162903584e-08i
5.99827553716581e-05+1.77319473947442e-11i,1.54590897663567e-05+8.04466044981635e-12i,3.20271241057421e-06+2.1734526009648e-12i,8.07525763861217e-07+5.57048778228802e-13i,8.7394983101039e-08+2.09602530574377e-13i,1.44856301652906e-07-9.82113332550659e-14i,2.68541018258999e-07+0i,2.29725921273412e-08+1.71865399725307e-14i,-1.99162504121917e-08-2.30954108715818e-14i,-2.02410142538583e-08+1.69905399289164e-14i,-5.41619192351476e-08-3.12958001471006e-15i,-8.45174351632879e-09-1.11565381846305e-14i,8.31400057787704e-09+2.61390665695816e-15i,1.23550428365782e-05-8.11193007870313e-12i,-1.18060687671521e-05+2.14670264374272e-12i,4.19183592004951e-06-3.23315950502857e-13i,-6.49985599347467e-07+1.41647193308253e-13i,5.07464937783767e-08-1.37029592490774e-13i,3.19921662592809e-07+1.21380422017212e-14i,-1.74425428623609e-07-2.04716724026287e-15i,-1.24821173874533e-08+1.62940130073244e-14i,1.56040247378008e-08+1.66451702262963e-14i,-4.16793546451008e-08-1.08561603863699e-15i,2.94695417186783e-08-1.75631439652259e-14i,4.02788379764092e-09-1.04314070970521e-15i,-5.13638378720734e-09+4.6107439193579e-15i,2.90994363896777e-05-6.55010983614817e-05i,-3.27553781080989e-05-1.17413919191049e-05i,-3.39322793598396e-06+9.42514919277107e-06i,2.68260578535777e-06+6.63662769328516e-07i,7.58933253258358e-08-5.40757332454193e-07i,3.64557761221207e-07+9.1296819348124e-08i,8.45952788497301e-09-1.49836106323307e-07i,-6.27098607851646e-08+3.9519380768383e-09i,-2.54311173416984e-09+5.30239919352355e-08i,-3.91144408432243e-08-8.10588686964637e-09i,-9.86035445926957e-10+2.37581730016386e-08i,5.18137641003377e-09-6.61862711794827e-10i,6.08039624635254e-10-9.30866889168688e-09i,2.90994168703036e-05+6.55010963369131e-05i,-3.27553808297893e-05+1.17413865533649e-05i,-3.39322675935291e-06-9.42515027350654e-06i,2.68260595381026e-06-6.63662289518971e-07i,7.58932228848354e-08+5.40757447424013e-07i,3.64557938314947e-07-9.12969615109637e-08i,8.4596585115057e-09+1.498363042726e-07i,-6.27098796190552e-08-3.95191222843335e-09i,-2.54310384677145e-09-5.3024001960177e-08i,-3.91144609422289e-08+8.10593970954037e-09i,-9.86081665774691e-10-2.37582220678465e-08i,5.18139305953374e-09+6.61851627165447e-10i,6.08044424918748e-10+9.30867342998892e-09i
-3.85832526277305e-05-1.85036107871227e-11i,-1.56219866579335e-05-6.60274031081328e-12i,-4.63167284639575e-06-1.71276698708019e-12i,-1.78092327777163e-06-4.63302588343513e-13i,-4.27229927019785e-07-1.00307202309288e-13i,6.85635309350786e-08+2.35089747686783e-14i,2.29725921273412e-08-1.71865399725307e-14i,9.11359809506955e-08+0i,5.98019946176737e-08+9.41415876267348e-15i,-6.40272249781376e-09+6.00674844671159e-16i,-8.27993438411345e-10+1.28644976832071e-15i,-1.34520159243155e-08-5.82536053306454e-15i,-1.26871654422531e-08-5.28310424791773e-15i,4.4225717084985e-05+4.11874164098703e-13i,-1.92997764627068e-05+5.10447140363375e-13i,4.74889130067395e-06-3.29135645889984e-13i,-1.04133241562341e-06-3.01187907724394e-14i,1.41982616104901e-07+3.20480138551508e-14i,1.64402841948229e-07-2.39846259642979e-14i,1.24821079216201e-08+1.7495258876962e-14i,-2.65449674940578e-08+9.19197479835705e-15i,-7.43373846253825e-09-6.85241344350024e-15i,-1.69414857717826e-08-4.67675129422008e-15i,-3.24910953291358e-09-1.37819786892142e-15i,8.81724608437655e-09-9.38904483746447e-17i,1.92858696131635e-09+5.24678510775818e-15i,4.8566083997842e-05+3.35823152969981e-05i,1.16736144855383e-05-1.84190012434544e-05i,-5.60933551331043e-06-2.84975947739119e-06i,-9.25281624550406e-07+1.45708716151334e-06i,2.47627615199366e-07+1.88956540130987e-07i,2.38240447016414e-09+1.07000140205599e-07i,-3.95195225785149e-09-6.27098725035517e-08i,1.84535618867236e-08-3.55653773704048e-08i,-2.63304413485104e-08-2.70333252207414e-08i,-3.93016446126795e-09-1.14815097915447e-08i,4.54575741905274e-09+1.36398481061036e-08i,-6.86684243482607e-10+4.37638019144817e-09i,5.44998626609932e-09+6.75225790230865e-09i,4.8566109344669e-05-3.35823290756694e-05i,1.16736199609056e-05+1.841901311896e-05i,-5.60933890433636e-06+2.849760967698e-06i,-9.25281860550257e-07-1.4570882267914e-06i,2.47627769854403e-07-1.88956527746976e-07i,2.38236076553477e-09-1.07000257099788e-07i,-3.95192771164471e-09+6.27098925762918e-08i,1.845354277232e-08+3.55654251076779e-08i,-2.63304606504933e-08+2.70333110911912e-08i,-3.93016334371904e-09+1.14815184935922e-08i,4.54576474167111e-09-1.36398586594002e-08i,-6.86673757626461e-10-4.37639591981231e-09i,5.44999251744776e-09-6.7522553660632e-09i
-6.98863907396592e-05+5.18815211688541e-12i,-2.7525465348082e-05+1.77883460724549e-12i,-7.64156720927049e-06+4.78305965946702e-13i,-2.28079237658718e-06+1.32427591130083e-13i,-4.55637372673705e-07-2.88808429220359e-15i,1.40508414762772e-07+3.09699367978769e-14i,-1.99162504121917e-08+2.30954108715818e-14i,5.98019946176737e-08-9.41415876267348e-15i,5.65089254258051e-08+0i,-1.25738693771896e-08-8.15445333150238e-15i,8.43590366009214e-09-8.92434191111946e-15i,-5.79114804328763e-09-5.22205248930038e-15i,-1.26897912143336e-08-2.23257110676108e-15i,2.59214347394317e-05-9.02618253963382e-13i,-1.11162199071077e-05-1.47819649896636e-14i,2.53637034837084e-06+1.91534215509274e-14i,-8.21347056769124e-07+6.59704435988325e-14i,1.74448522139809e-07+4.49644573001985e-15i,5.7410980998511e-08+3.84234415495582e-14i,1.56040253451385e-08-2.17066714965939e-14i,7.43373985063979e-09-5.14844907646802e-15i,-2.10224679316587e-08+5.17831902966409e-15i,-3.52140406176787e-09-1.61440951882903e-14i,-3.47714773744164e-09+7.89518702597258e-15i,1.75266651181479e-09+4.44937147991603e-16i,4.64346978968598e-09+3.3699238543694e-16i,5.78062225622069e-06+4.3862391850882e-05i,1.63373425031279e-05-1.75525232247039e-06i,-7.26934132004902e-07-4.13595084433989e-06i,-1.3015703607245e-06+3.42949134411744e-07i,8.54822851117439e-08+2.63769578290636e-07i,-4.26075151171411e-08-6.99529795897025e-09i,2.54311427829843e-09-5.30240228555114e-08i,2.7033331220202e-08-2.63304446463007e-08i,-1.28991314254054e-08-3.51063897978e-08i,1.51513806659868e-09+4.41355748405005e-10i,4.93149327278002e-10+1.22096509876521e-08i,-1.32605446766232e-09+4.42409519974159e-09i,2.43386971177567e-09+8.33721756936257e-09i,5.78061188966155e-06-4.38623839517578e-05i,1.63373394074175e-05+1.75524816752806e-06i,-7.2693312873965e-07+4.13594992085562e-06i,-1.30157015002589e-06-3.42948852382447e-07i,8.54821476296401e-08-2.63769543319991e-07i,-4.26074885305726e-08+6.99536166873094e-09i,2.54310163654323e-09+5.30240245735651e-08i,2.70333293581311e-08+2.63304536695878e-08i,-1.28991145249679e-08+3.51063802766774e-08i,1.51512947840796e-09-4.41373299736401e-10i,4.93166898984388e-10-1.22096536205384e-08i,-1.32605339546115e-09-4.42410513956903e-09i,2.43386764855097e-09-8.33721597332697e-09i
6.10755471622526e-05-7.51732821202051e-12i,2.54696264783575e-05-2.84188441945353e-12i,7.2444724056933e-06-7.0839898235695e-13i,1.62725793226904e-06-1.88214484719529e-13i,2.20103010294458e-07-6.45584717544531e-14i,-2.30033927989918e-07+3.99683699359499e-15i,-2.02410142538583e-08-1.69905399289164e-14i,-6.40272249781376e-09-6.00674844671159e-16i,-1.25738693771896e-08+8.15445333150238e-15i,2.97377536926706e-08+0i,-3.88397672804494e-10+1.33683528502639e-15i,-2.1463588266479e-09+3.72496191703009e-15i,3.41681859460911e-09-9.51287940306103e-16i,3.74019198150806e-05+3.04709142550065e-12i,-1.32915980856431e-05-1.26113483056271e-12i,3.74768087980549e-06+3.4180718028761e-13i,-6.58678713617785e-07-1.40883580230813e-13i,3.99492985695656e-08+6.78338950255273e-14i,5.76929324951419e-08+8.75440942140361e-15i,4.16793391016266e-08-9.73822172617481e-15i,-1.69414892927823e-08+4.85983554307655e-15i,3.52140457061419e-09-1.11145710611406e-14i,-4.37424044814881e-09-1.00092401307953e-15i,-1.11644383542667e-08+5.07397189725728e-15i,4.18007554676637e-09+1.1129008292202e-15i,2.95019363218303e-10+1.86254050008953e-16i,4.48436789155824e-05-3.66244751611107e-06i,-2.05528961618436e-09-1.78422286938582e-05i,-5.0126841816993e-06-1.68112247629941e-07i,-2.55960257731604e-08+9.8945629311437e-07i,9.94322659478078e-08+5.69320204928444e-09i,-5.48487958240857e-08+1.38577223554148e-07i,-8.10588500418385e-09+3.91144391256488e-08i,3.93015599803072e-09+1.14815089687295e-08i,-4.41357878067912e-10+1.51515266320618e-09i,8.42261431951456e-09-1.61630513652881e-08i,4.83715433658566e-09-8.00621883913991e-09i,-9.97650536256588e-10-3.93604346760067e-09i,8.86230298905952e-10-1.01517444645164e-09i,4.48436892019405e-05+3.66244273248231e-06i,-2.05334477760683e-09+1.78422321155779e-05i,-5.01268498116624e-06+1.6811286276174e-07i,-2.55961612837282e-08-9.89456569461358e-07i,9.94323408449282e-08-5.69321425795372e-09i,-5.48488318485506e-08-1.38577206987694e-07i,-8.10592580568366e-09-3.91144520055045e-08i,3.93015732604915e-09-1.14815272417712e-08i,-4.41360677673257e-10-1.5151485261364e-09i,8.42262029633156e-09+1.61630375889578e-08i,4.83716707203418e-09+8.00622177917722e-09i,-9.97649982437167e-10+3.93605149116383e-09i,8.86227891963721e-10+1.01517140628984e-09i
-2.68431049632946e-05-4.32676798251938e-12i,-9.03209620708254e-06-2.02302119740697e-12i,-2.33114082435003e-06-5.02721722462685e-13i,-5.62379663643596e-07-1.70153703092958e-13i,-7.66385742676541e-08-6.88045979590637e-14i,1.12985304183451e-08+1.64938834187591e-14i,-5.41619192351476e-08+3.12958001471006e-15i,-8.27993438411345e-10-1.28644976832071e-15i,8.43590366009214e-09+8.92434191111946e-15i,-3.88397672804494e-10-1.33683528502639e-15i,1.26219060912077e-08+0i,1.85600452335423e-09+1.83670978127065e-15i,-2.8966784503033e-09-1.01051509732176e-15i,-1.07446116387031e-05+1.02873123230383e-11i,5.41119097107186e-06-3.37572183459916e-12i,-1.73248683975103e-06+8.25150394804242e-13i,3.00603631681444e-07-2.45429386279117e-13i,-2.3751365701755e-08+6.48308600692703e-14i,-8.42412464409336e-08-2.11619095596378e-15i,2.94695572350966e-08+1.96459606801538e-14i,3.24910685378859e-09-2.34118730676471e-15i,-3.47714446363645e-09-8.49461249698704e-15i,1.11644442433031e-08+1.59941750356936e-15i,-3.83404379675725e-09-6.77572894517884e-17i,-1.17681100124253e-09+8.45526757601145e-16i,8.18877038409336e-10-3.27896911436291e-16i,-1.44438921971963e-05+1.54372965328499e-05i,7.29908872513884e-06+5.80482436536163e-06i,1.63319282294209e-06-2.05481100307609e-06i,-5.924198544038e-07-3.07506436654694e-07i,-2.86252660037335e-08+1.18455017396984e-07i,-7.24906491907309e-08-4.57749179299042e-08i,-9.86048314283563e-10+2.37581763838964e-08i,1.36398443807989e-08-4.54575733529446e-09i,-4.93154455298865e-10-1.22096413112922e-08i,8.00621927592644e-09+4.83715723213688e-09i,-5.56248390470591e-10-3.53619092644913e-09i,-1.06054319321631e-09+1.06414598558993e-09i,-1.60356688813674e-10+2.33782058546285e-09i,-1.44438780812344e-05-1.5437291261248e-05i,7.29908779951476e-06-5.80481937126462e-06i,1.6331915793395e-06+2.05481090013847e-06i,-5.92419861623998e-07+3.07506010820653e-07i,-2.86251735382907e-08-1.18455061463518e-07i,-7.24906855614171e-08+4.57749390723145e-08i,-9.86084862847079e-10-2.37582370763066e-08i,1.36398568286029e-08+4.54576042677573e-09i,-4.93165356770957e-10+1.22096457545803e-08i,8.00622431520152e-09-4.83716825241823e-09i,-5.56237103705993e-10+3.53620299871334e-09i,-1.06054837679621e-09-1.06414419590302e-09i,-1.60356134537288e-10-2.33782162371934e-09i
-5.10613373379703e-06-3.67287933329129e-12i,-1.96507116876228e-06-1.94295516537491e-12i,-4.78915723419221e-07-5.40718613352837e-13i,-8.90253466440077e-09-1.75676496533162e-13i,2.39363071794184e-08-4.09066760470357e-14i,1.78631490781017e-08+2.69028931011886e-14i,-8.45174351632879e-09+1.11565381846305e-14i,-1.34520159243155e-08+5.82536053306454e-15i,-5.79114804328763e-09+5.22205248930038e-15i,-2.1463588266479e-09-3.72496191703009e-15i,1.85600452335423e-09-1.83670978127065e-15i,2.79588198882791e-09+0i,1.0478397430699e-09-3.24667522764271e-16i,-9.37267044481346e-06+7.49982210692747e-12i,3.92141112308686e-06-3.21495561137199e-12i,-1.02240894657417e-06+8.78966741157631e-13i,1.73927536569977e-07-2.47934342278676e-13i,-1.02838912459542e-08+4.89849008241684e-14i,-3.61153658521815e-08+2.76893483521579e-14i,-4.02788546010136e-09+1.01749169564096e-15i,8.81724577868824e-09+3.71954519647073e-15i,-1.75266439138481e-09-5.43907395515334e-15i,4.18007364551862e-09-2.23826661709701e-15i,1.17681223332693e-09-1.43376334184039e-16i,-2.23181399406775e-09-4.95381427332099e-16i,2.31045579078122e-10+2.48132290985194e-16i,-1.38611061248681e-05-1.28518121757558e-06i,-3.46843089373408e-07+5.38558105263974e-06i,1.58946189684916e-06+7.20271221458079e-08i,2.94957136390301e-08-3.70116758077328e-07i,-5.40934016771612e-08-6.95080735332175e-09i,-4.86297510270176e-09-3.63007350744898e-08i,6.6187852632275e-10+5.18138288887329e-09i,-6.86683961755133e-10+4.37639168757139e-09i,4.42410720186502e-09+1.3260574195645e-09i,9.97647911988584e-10+3.93604300132313e-09i,-1.06414921456769e-09-1.06054483496935e-09i,4.11793546934716e-11-2.80014811844375e-10i,-9.73122302035679e-10-3.47986484896607e-10i,-1.38610999619636e-05+1.28518394605861e-06i,-3.46843979053054e-07-5.38557985460478e-06i,1.58946172858525e-06-7.20273495112458e-08i,2.94957451583752e-08+3.70116665545526e-07i,-5.40933688312674e-08+6.95079743040897e-09i,-4.86297091123435e-09+3.63007872084435e-08i,6.61841524806896e-10-5.18139357484799e-09i,-6.86679054682442e-10-4.37639385906102e-09i,4.42410077852777e-09-1.32605542316739e-09i,9.97647897464685e-10-3.93605353794643e-09i,-1.0641427993402e-09+1.06054688976846e-09i,4.11769993772539e-11+2.8001677742426e-10i,-9.73121409702121e-10+3.47986121597258e-10i
1.82768111000436e-05-3.04922694994476e-12i,7.08740103546022e-06-1.18108484319902e-12i,1.95456429140786e-06-3.12491312302524e-13i,5.58922857765369e-07-1.00091468445775e-13i,1.05859794041901e-07-1.70644357138874e-14i,-3.52241149767079e-08-1.58847089927379e-15i,8.31400057787704e-09-2.61390665695816e-15i,-1.26871654422531e-08+5.28310424791773e-15i,-1.26897912143336e-08+2.23257110676108e-15i,3.41681859460911e-09+9.51287940306103e-16i,-2.8966784503033e-09+1.01051509732176e-15i,1.0478397430699e-09+3.24667522764271e-16i,3.09687880963846e-09+0i,-3.5207353335326e-06+2.31834881998275e-12i,1.50045383546221e-06-8.7480517527768e-13i,-2.80870524420297e-07+2.22811282591339e-13i,1.25780559984236e-07-7.89422414436629e-14i,-3.23133898499828e-08+1.42857572746861e-14i,-3.17423176765286e-09-2.51677497627262e-15i,-5.13637271983624e-09+6.94560418475334e-15i,-1.92858595685101e-09+2.9070076420647e-15i,4.64346649925814e-09-3.33601976154173e-15i,-2.95018070517065e-10+2.56567395226008e-15i,8.18875216504917e-10-1.93909782722245e-15i,-2.31045797720568e-10-1.96238564371275e-16i,-9.81111290487738e-10+4.67879754965011e-16i,1.26442563713092e-06-1.05909974959589e-05i,-4.06670957602874e-06-6.15078493006211e-07i,-1.27592478488989e-07+1.04637184019023e-06i,3.23799950333967e-07-1.38707598603844e-08i,-1.11654337029848e-08-6.50238855139244e-08i,1.48491821961943e-08+8.56585222337463e-09i,-6.08035474661944e-10+9.30867083010004e-09i,-6.75225962620901e-09+5.44999222162654e-09i,2.43387520566012e-09+8.3372167726318e-09i,-1.01517380669753e-09-8.86230034660161e-10i,1.60356285633239e-10-2.33782131646629e-09i,3.47985878124332e-10-9.73120500393253e-10i,-3.72349145410647e-10-1.96776455622733e-09i,1.26443135647741e-06+1.05909968575136e-05i,-4.06670935183688e-06+6.15080566565386e-07i,-1.27592983866603e-07-1.04637179310425e-06i,3.23799944254273e-07+1.38705991629986e-08i,-1.11653877439486e-08+6.50238873954913e-08i,1.48491817976701e-08-8.56586241128099e-09i,-6.08041220934477e-10-9.30866864322753e-09i,-6.75226079590417e-09-5.44999356227073e-09i,2.43386968052499e-09-8.33721674472009e-09i,-1.01517236910658e-09+8.86231596306356e-10i,1.60354917312746e-10+2.33782067056705e-09i,3.47986302226648e-10+9.73122689592191e-10i,-3.72348526864858e-10+1.96776465577609e-09i
0.0879474933675503+1.44798815195005e-11i,0.0337549837430072+3.26690790553624e-10i,0.0102025676301635+1.69429425972954e-10i,0.00159417476889774+5.98490624524416e-11i,3.96114100997501e-05-2.70705646692775e-11i,-0.000292629518078545-7.89300775927223e-12i,1.23550428365782e-05+8.11193007870313e-12i,4.4225717084985e-05-4.11874164098703e-13i,2.59214347394317e-05+9.02618253963382e-13i,3.74019198150806e-05-3.04709142550065e-12i,-1.07446116387031e-05-1.02873123230383e-11i,-9.37267044481346e-06-7.49982210692747e-12i,-3.5207353335326e-06-2.31834881998275e-12i,0.213652358244725+0i,-0.0842646825112712-8.14886509062291e-13i,0.0234813068449543-1.89196786573333e-11i,-0.00560119482429055+2.66676896908264e-11i,0.000836280298928876+1.00877939439745e-11i,0.000552520663056191+2.26568408000627e-11i,5.99827552100678e-05-1.55557691147282e-11i,3.85832223198733e-05+3.45408827759014e-12i,-6.98863810016538e-05+2.43574517681559e-12i,-6.1075536603642e-05-1.85013373650798e-11i,-2.68431145565458e-05+4.02178703354561e-12i,5.10614101590168e-06+1.11503283773032e-12i,1.82768123352213e-05+3.170435887129e-12i,0.123887901455549+0.0580081859923991i,0.021700480163192-0.0494630933509478i,-0.0137546888684329-0.00550423450323648i,-0.00170489487674123+0.00259810662583798i,0.000231562831178345+0.000338737255709283i,-6.15960800138121e-05+0.000390168933139834i,-2.90994383083698e-05-6.55011204087128e-05i,3.35823436777189e-05+4.85661122143446e-05i,5.78061542858626e-06-4.3862385703819e-05i,3.66243414154603e-06-4.48436918348387e-05i,1.44438776384266e-05+1.54372989504302e-05i,-1.2851895418422e-06-1.38611108875132e-05i,1.26442892964641e-06+1.05909955015805e-05i,0.12388790134735-0.0580081857593672i,0.0217004798619967+0.0494630936141097i,-0.0137546890490993+0.0055042344502145i,-0.00170489487243027-0.00259810671309679i,0.000231562778872342-0.000338737219980604i,-6.15960907040887e-05-0.000390168917148577i,-2.90994548238808e-05+6.55011190969567e-05i,3.35823434696376e-05-4.85661067199869e-05i,5.78062426175488e-06+4.38623815080961e-05i,3.6624327418861e-06+4.48436718219867e-05i,1.44438978719125e-05-1.54373026571909e-05i,-1.28517900634605e-06+1.3861101209222e-05i,1.26442410617972e-06-1.05910014405627e-05i
-0.0337549839107496+2.84369016398323e-10i,-0.0126880712716593-1.48053265691716e-11i,-0.00381609226367942-3.4470104179174e-11i,-0.000572132350936602-1.25231210446118e-11i,-4.26869280263671e-06+9.36678251083344e-12i,0.000103820146085983+2.77366159310546e-12i,-1.18060687671521e-05-2.14670264374272e-12i,-1.92997764627068e-05-5.10447140363375e-13i,-1.11162199071077e-05+1.47819649896636e-14i,-1.32915980856431e-05+1.26113483056271e-12i,5.41119097107186e-06+3.37572183459916e-12i,3.92141112308686e-06+3.21495561137199e-12i,1.50045383546221e-06+8.7480517527768e-13i,-0.0842646825112712+8.14886509062291e-13i,0.0335559785309133+0i,-0.00937324139804615+7.7942601123563e-12i,0.00223328195854862-9.34979360586639e-12i,-0.000334659796187132-9.47508696850378e-13i,-0.000229340152326703-8.58210972646472e-12i,-1.54590922504329e-05+6.87821535821023e-12i,-1.56219744238876e-05-1.89554259489166e-12i,2.75254616988806e-05-1.37631391723529e-12i,2.54696222223275e-05+7.0885963887545e-12i,9.03210078301842e-06-1.74901830501581e-12i,-1.96507403045478e-06-9.97725001858987e-14i,-7.08740133388932e-06-1.42160579698856e-12i,-0.0494630933711799-0.0217004800350891i,-0.00781457142229801+0.0197269897026144i,0.00549274655848216+0.00194145319206268i,0.000610490472187266-0.00104538782996043i,-9.5421190200149e-05-0.000121220687947836i,1.2015831887268e-05-0.00015495375229161i,1.17413942913574e-05+3.27553896832809e-05i,-1.16736253789137e-05-1.84190142766859e-05i,-1.75525021728486e-06+1.63373399235593e-05i,-2.04941949501878e-09+1.78422330295339e-05i,-5.80481917989956e-06-7.29909068569284e-06i,3.4684605014484e-07+5.38558393989815e-06i,-6.15079458319863e-07-4.06670861595313e-06i,-0.0494630935992778+0.021700479740626i,-0.007814571271065-0.0197269899405629i,0.00549274666815056-0.00194145316583742i,0.00061049046579458+0.00104538787591683i,-9.54211719187091e-05+0.00012122067393539i,1.20158372358845e-05+0.000154953748228574i,1.17413985728914e-05-3.27553852195517e-05i,-1.16736251335215e-05+1.8419009842263e-05i,-1.75525268579902e-06-1.63373379417066e-05i,-2.04884637477275e-09-1.78422261757627e-05i,-5.80482623082038e-06+7.29909078563914e-06i,3.46842008922977e-07-5.38557931053085e-06i,-6.15077994986449e-07+4.06671065923989e-06i
0.0102025677036346-1.63309338572703e-10i,0.00381609227485639-2.88165448538501e-11i,0.00114059676791923+3.75169650885165e-13i,0.000182356648097934+7.23125826032441e-13i,5.50932045640501e-06-2.59600274849901e-12i,-2.95195360787862e-05-8.19605696542236e-13i,4.19183592004951e-06+3.23315950502857e-13i,4.74889130067395e-06+3.29135645889984e-13i,2.53637034837084e-06-1.91534215509274e-14i,3.74768087980549e-06-3.4180718028761e-13i,-1.73248683975103e-06-8.25150394804242e-13i,-1.02240894657417e-06-8.78966741157631e-13i,-2.80870524420297e-07-2.22811282591339e-13i,0.0234813068449543+1.89196786573333e-11i,-0.00937324139804615-7.7942601123563e-12i,0.00262938968445264+0i,-0.000625501801924698+1.30941516740612e-12i,9.36729494627859e-05+1.01513514537663e-13i,6.50258679349021e-05+2.20989456621487e-12i,3.20271339763961e-06-1.91906993522503e-12i,4.63166934914825e-06+6.38342889857368e-13i,-7.64156621432242e-06+3.84661908259445e-13i,-7.24447113236709e-06-1.86034801865231e-12i,-2.33114219600906e-06+4.34715439785725e-13i,4.78916524045621e-07-1.54564628018221e-14i,1.95456433121654e-06+4.12043817497202e-13i,0.0137546889040436+0.00550423442381194i,0.00194145317498042-0.00549274657046847i,-0.00152516666121542-0.000476557852888952i,-0.000151180984995352+0.000286929227855228i,2.51992913619784e-05+3.00035553144746e-05i,-1.61160722393316e-06+4.34624221057008e-05i,-3.39322880397563e-06-9.42515243145227e-06i,2.84976235765093e-06+5.60933929237226e-06i,7.26933752639265e-07-4.13594995637076e-06i,-1.68113878104294e-07-5.01268524733567e-06i,1.63319155105458e-06+2.05481160872416e-06i,-7.20279364279338e-08-1.58946273710564e-06i,1.2759271922935e-07+1.04637152844329e-06i,0.0137546890759449-0.00550423437559169i,0.00194145314999673+0.00549274668102817i,-0.00152516670297934+0.000476557851126508i,-0.00015118098412998-0.000286929244036396i,2.51992876053549e-05-3.00035516773683e-05i,-1.61160915911301e-06-4.3462421565172e-05i,-3.39322979358587e-06+9.42515072067414e-06i,2.84976231342001e-06-5.6093379239502e-06i,7.26934203986461e-07+4.13594950161779e-06i,-1.68113942427593e-07+5.01268353730513e-06i,1.63319332078627e-06-2.05481142805635e-06i,-7.20268288615938e-08+1.58946146900479e-06i,1.27592364086405e-07-1.04637211235346e-06i
-0.00159417476021074+5.95411494621344e-11i,-0.000572132343317658+1.20939205854662e-11i,-0.000182356645292904+6.84000437237174e-13i,-2.28513013377925e-05-4.23807229515249e-14i,1.6268452925877e-06+8.88222335054104e-13i,4.74516966120351e-06+5.95812675607358e-15i,-6.49985599347467e-07-1.41647193308253e-13i,-1.04133241562341e-06+3.01187907724394e-14i,-8.21347056769124e-07-6.59704435988325e-14i,-6.58678713617785e-07+1.40883580230813e-13i,3.00603631681444e-07+2.45429386279117e-13i,1.73927536569977e-07+2.47934342278676e-13i,1.25780559984236e-07+7.89422414436629e-14i,-0.00560119482429055-2.66676896908264e-11i,0.00223328195854862+9.34979360586639e-12i,-0.000625501801924698-1.30941516740612e-12i,0.000155510013930748+0i,-2.48522728245347e-05-4.97091895087211e-13i,-1.48618689211234e-05-6.05899070482101e-13i,-8.07526137442829e-07+4.74552888031301e-13i,-1.78092253219542e-06-1.33209040690875e-13i,2.28079213756358e-06-8.39519821996289e-14i,1.62725756805632e-06+5.24911323648307e-13i,5.62380044232878e-07-1.33250681160121e-13i,-8.90271151403566e-09+1.84119527236824e-14i,-5.58922906908181e-07-9.73557219328483e-14i,-0.00259810661748001-0.00170489486611561i,-0.000610490473008834+0.00104538782544126i,0.0002869292259828+0.000151180986584524i,4.78164578701844e-05-5.10682662414315e-05i,-3.64286493077337e-06-9.54821227619505e-06i,7.96660893222489e-07-8.56876232534553e-06i,6.63662728386265e-07+2.68260666192534e-06i,-9.25282275327752e-07-1.45708832826151e-06i,-3.4294900372839e-07+1.30157018991028e-06i,2.55965028261283e-08+9.89456568845508e-07i,-3.07505939525588e-07-5.92420085472051e-07i,2.94958347933243e-08+3.70116975855319e-07i,1.38706768147288e-08-3.23799884487532e-07i,-0.00259810670439381+0.00170489486724658i,-0.000610490469044498-0.00104538787287586i,0.000286929242528164-0.000151180986409869i,4.78164578038571e-05+5.10682724887161e-05i,-3.64286382624998e-06+9.54821150169222e-06i,7.96661100753987e-07+8.56876197247962e-06i,6.6366314259838e-07-2.68260635051642e-06i,-9.25282307753229e-07+1.45708776427303e-06i,-3.42949111598111e-07-1.30157007333507e-06i,2.55966173919698e-08-9.89456039481982e-07i,-3.07506521924344e-07+5.92420054150791e-07i,2.94956027013628e-08-3.70116585728986e-07i,1.38707669200597e-08+3.23800029037963e-07i
