0.17383563309819+0i,0.104296092445562-3.07181990425687e-10i,0.0442966144888315+8.30823913046903e-09i,0.0148936979296891+1.56083457004358e-08i,0.00571893626732394+8.88456303905832e-09i,-8.38404492040783e-05+2.29251963629413e-08i,-0.000635311500835789+1.61153516549077e-08i,-0.000678343042070667-5.1783833468576e-09i,-0.000823074117951176-4.37579061055534e-09i,-0.000227545464228296+8.36594319447444e-09i,5.23525781504856e-05+8.99693591060974e-11i,8.19517269103058e-05-5.39692021681461e-10i,0.000152897523100008+6.67373828957556e-09i,0.0863645479155332-4.85461988441669e-08i,-0.0505826355164684+6.54632491157924e-08i,0.0237045952083541-4.49918020473017e-08i,-0.00602169622968404+3.17654417130998e-08i,0.00190578377618084-1.32716572943969e-08i,0.000290199963980557+2.06702383626109e-08i,-0.000390638437585321-6.28291556500375e-09i,0.00027621084899854-1.45003921818794e-08i,-0.000240357089546804+2.77473792936126e-09i,1.34274221201901e-05+1.61067486511946e-08i,7.30697632583905e-05-1.48377676377928e-08i,-8.14272720276929e-05+6.97516827050623e-09i,8.28285600616029e-05-1.17113310065059e-09i,0.116431340249022-0.039200954802625i,-0.0221522555297339-0.0703451797166243i,-0.0302170186547281+0.00781268934890013i,0.00346948879790258+0.00866407674085211i,0.00311219800776252-0.00159398850399547i,-0.000108128396115996+0.00025660754588091i,0.000508808868056554-1.37949512367309e-05i,-0.000125468662105664-0.000365285347566043i,-0.000416677139347359+0.000243483529185044i,8.44051552975645e-05+9.15894398882511e-05i,-6.98291158739561e-05-2.01509489855389e-05i,-1.61595552491597e-05+6.84024313853609e-05i,9.39242015754295e-05-2.64575984442739e-05i,0.116431297003794+0.0392009675278232i,-0.0221522163507138+0.070345177020132i,-0.0302170313946267-0.00781266339707936i,0.00346947819691061-0.0086640918064718i,0.00311219626887515+0.00159398088157599i,-0.0001081311230497-0.000256588400713786i,0.000508790338963302+1.37945994915079e-05i,-0.000125479643771251+0.000365291784357632i,-0.000416678925071185-0.000243482774046721i,8.43959864594183e-05-9.15608547564563e-05i,-6.9844137437805e-05+2.01401554126866e-05i,-1.61493139014697e-05-6.83941075140539e-05i,9.3918273740718e-05+2.64607497825177e-05i
0.104296092445562+3.07181990425687e-10i,0.0630615425574867+0i,0.0268717190026278+3.81001735960915e-09i,0.00903523274652756+9.22062819163845e-09i,0.0034544329017674+5.06307496751941e-09i,-5.47136774260169e-05+1.38328159290072e-08i,-0.000404221573331731+9.80970755097589e-09i,-0.000417362095822361-2.97810619216844e-09i,-0.000497042016207319-3.11186907684994e-09i,-0.000139549600342646+4.35035653212042e-09i,3.40354129192196e-05-4.04952732763163e-10i,5.2565649358906e-05-5.37946961783612e-11i,9.25646428760512e-05+4.45657294110635e-09i,0.0505826257970142-7.71896804395508e-08i,-0.0292144591056133+6.73238949169524e-08i,0.0135913111329767-3.82142339194406e-08i,-0.00335986662281002+2.31526595175599e-08i,0.00106072400978611-9.81836112454645e-09i,0.000174888032183431+1.24660283028331e-08i,-0.000211069449499256-3.81091948184821e-09i,0.000146343776975498-8.87883324146071e-09i,-0.000131359837627435+1.45897140218088e-09i,2.7260023496072e-06+1.01379887668433e-08i,4.18061203704707e-05-9.33370781404159e-09i,-4.46125500117504e-05+4.36642442980662e-09i,4.69922434295444e-05-7.11825645375577e-10i,0.0703452072175205-0.0221522546279955i,-0.0120409561807945-0.0424542773256895i,-0.0182655475196111+0.00406324797281319i,0.00183525622680478+0.00526564682929926i,0.00189381962391541-0.000872591515870553i,-6.47361291490131e-05+0.000150825521199784i,0.000305122031850837+1.59192122031912e-05i,-5.7228109230975e-05-0.000223433325662738i,-0.000254389952290605+0.000133300161975969i,4.48459365750887e-05+5.61139611185336e-05i,-4.1482914413721e-05-1.3984048686478e-05i,-1.30195652376181e-05+4.14751665678024e-05i,5.72819255991654e-05-1.39508424605448e-05i,0.0703451343054112+0.0221522271683096i,-0.0120409124270073+0.0424542479620998i,-0.0182655446249942-0.00406322533178678i,0.00183524691970053-0.00526565116445974i,0.00189381654832603+0.000872586098162204i,-6.47393731576784e-05-0.000150814805977687i,0.000305111491146721-1.59207890832707e-05i,-5.72358068079251e-05+0.000223437143674817i,-0.000254390645261971-0.000133300612894883i,4.48399496312023e-05-5.60967743744642e-05i,-4.14918225250493e-05+1.39779166294506e-05i,-1.30137265774969e-05-4.14698140229642e-05i,5.72779958878279e-05+1.39531453856145e-05i
0.0442966144888315-8.30823913046903e-09i,0.0268717190026278-3.81001735960915e-09i,0.011548048424921+0i,0.00386820159987959+3.86489529034264e-09i,0.00146758462973248+2.25631142948247e-09i,-2.60595839769171e-05+6.26587789185565e-09i,-0.000178471316172247+4.42309972095294e-09i,-0.000181503486318899-1.4253032127329e-09i,-0.000210875645520966-1.55146287574822e-09i,-5.88955913424902e-05+1.79489553482325e-09i,1.56381156117829e-05-1.91392464079676e-10i,2.42690163045559e-05-1.2289500688002e-10i,3.99974522279836e-05+1.77721232185085e-09i,0.0237045882262314-5.89241303374837e-08i,-0.013591309008987+4.47054867584804e-08i,0.00623130695804356-2.31492777152942e-08i,-0.00161116340708114+1.25615220025622e-08i,0.000530991661882653-5.3069521010959e-09i,7.00008071947272e-05+5.31679364171734e-09i,-8.93559914103068e-05-1.33672773721549e-09i,6.9364768311432e-05-4.05737797305401e-09i,-6.80978377764104e-05+5.94506235697541e-10i,4.46351727382817e-06+4.36564648591914e-09i,1.69833587824286e-05-3.90880332059686e-09i,-1.87580275963716e-05+1.86966598937493e-09i,2.18954731007543e-05-3.80024707435833e-10i,0.0302170418407993-0.00781270051499966i,-0.00406325563154889-0.0182655543370232i,-0.00783942430079041+0.00129794137465988i,0.00059927077961087+0.00224188019128866i,0.000805021951930821-0.000297165847138334i,-2.46062012979047e-05+6.71722485368904e-05i,0.00013240426271754+1.4921234667013e-05i,-1.46741648891533e-05-9.42010945801086e-05i,-0.000107570895255473+4.51962308274635e-05i,1.47582956398433e-05+2.36373351867402e-05i,-1.81628578822723e-05-6.00063785747909e-06i,-6.24332475695465e-06+1.76332452924525e-05i,2.42628372046545e-05-4.35666252609051e-06i,0.0302169976540347+0.0078126578293231i,-0.00406321836934762+0.0182655355519903i,-0.00783942153665328-0.00129792359772305i,0.00059926450909965-0.00224188146019836i,0.000805020170847945+0.000297162718421907i,-2.46079408323863e-05-6.7167719747421e-05i,0.000132399743948773-1.49222572956743e-05i,-1.46775345127443e-05+9.42026762176329e-05i,-0.000107571162931931-4.51966216147012e-05i,1.47558237807534e-05-2.36299919707584e-05i,-1.81667346289744e-05+5.99834763368843e-06i,-6.24114172058206e-06-1.76310846855974e-05i,2.42612076179699e-05+4.35744516641474e-06i
0.0148936979296891-1.56083457004358e-08i,0.00903523274652756-9.22062819163845e-09i,0.00386820159987959-3.86489529034264e-09i,0.00134028310509873+0i,0.000515399848347088+2.30951885706437e-10i,-2.84102519708158e-06+1.95041573689398e-09i,-5.79682441748633e-05+1.42536696251973e-09i,-6.3456803590134e-05-3.21904386454256e-10i,-7.48263392968181e-05-4.60028059901348e-10i,-2.17557727616614e-05+4.29121565143776e-10i,4.23228397629175e-06-2.45426105732339e-10i,7.64420733678159e-06-1.46527814335328e-10i,1.35589653303713e-05+5.21701371718851e-10i,0.0060216927392726-3.18314299801056e-08i,-0.00335986505770997+2.28466795812436e-08i,0.00161116302960108-1.16712524379658e-08i,-0.000379186703630321+5.45470084213082e-09i,0.000114082513570184-2.35179632154717e-09i,2.22702415617625e-05+1.76798929650047e-09i,-2.19588381678631e-05-4.08502559386739e-10i,1.67078534739238e-05-1.39651569753118e-09i,-1.3849100426717e-05+2.81557415979299e-10i,-1.46701150924521e-06+1.4206544443771e-09i,5.10750818534976e-06-1.34832767948461e-09i,-5.79733352669874e-06+5.49386068864814e-10i,6.02462947273306e-06-3.50024822353828e-11i,0.00866408826698478-0.00346949697525146i,-0.0018352614877321-0.00526565093561145i,-0.00224188082345541+0.000599271917805616i,0.000274359698951118+0.000623743730062331i,0.000222659910393789-0.000133960341179023i,-1.09431781360604e-05+2.1668768999594e-05i,3.93346177528998e-05+5.21242847701516e-06i,-7.2025265090087e-06-2.53335615035136e-05i,-2.9220644698712e-05+2.02360509905571e-05i,6.78927009623115e-06+6.32918388695551e-06i,-5.58446896656156e-06-2.5447148646473e-06i,-2.59013464903707e-06+4.93228648065765e-06i,6.63873309611577e-06-1.92041039153842e-06i,0.00866407436212585+0.00346947132094743i,-0.00183524111073468+0.00526564492964206i,-0.00224188020468612-0.000599263006224939i,0.000274356736220411-0.00062374421740977i,0.000222659374813252+0.000133959087199315i,-1.09441704393262e-05-2.16672615601847e-05i,3.93331980621176e-05-5.21328356584164e-06i,-7.20382099639797e-06+2.53339804892192e-05i,-2.92207202367221e-05-2.02363167562731e-05i,6.78822582274206e-06-6.32695116620571e-06i,-5.58571667412966e-06+2.54380109555106e-06i,-2.58938577893625e-06-4.93176234934492e-06i,6.6383060010554e-06+1.92074288672603e-06i
0.00571893626732394-8.88456303905832e-09i,0.0034544329017674-5.06307496751941e-09i,0.00146758462973248-2.25631142948247e-09i,0.000515399848347088-2.30951885706437e-10i,0.000200420574144176+0i,1.34374199431956e-07+6.94143449856018e-10i,-2.10358862701306e-05+5.07434327558628e-10i,-2.40318652981815e-05-9.77197066550807e-11i,-2.90982575171787e-05-1.4562646063792e-10i,-8.60543642298839e-06+1.55354126980751e-10i,1.33791860537617e-06-1.05996961450435e-10i,2.62251686463077e-06-6.19948960678608e-11i,5.09343033606397e-06+1.97983977939139e-10i,0.00190578078004091-1.8753145662562e-08i,-0.00106072239840532+1.28756676989514e-08i,0.000530991097250747-6.34794857179671e-09i,-0.000114082350227447+2.74741141861092e-09i,3.03434153470927e-05-1.15069382300264e-09i,8.8600477982409e-06+6.69369855058668e-10i,-7.99648615863383e-06-1.28185754059847e-10i,5.4937804453087e-06-5.73660493629384e-10i,-3.44116146890084e-06+1.74832187878152e-10i,-1.14548773773201e-06+5.1527948178496e-10i,2.02459232432615e-06-5.22219496370122e-10i,-2.33336191216757e-06+2.15217060419246e-10i,2.09779740512161e-06-1.67369234771805e-11i,0.00311219920480549-0.00159399321234741i,-0.000872594743098397-0.00189381900622647i,-0.000805021012047641+0.000297166754895498i,0.000133960509445593+0.000222659576077703i,7.94365433256925e-05-6.34120136050942e-05i,-4.84777238654675e-06+7.9117245500375e-06i,1.42216489394689e-05+9.57985629389344e-07i,-4.05190430436005e-06-8.95500157947491e-06i,-1.0350826068752e-05+9.51576793851687e-06i,3.31356426502068e-06+2.24386765818835e-06i,-2.01638021111082e-06-1.01622362072784e-06i,-9.82475871449435e-07+1.74713816249668e-06i,2.3518557802973e-06-9.07206719529114e-07i,0.00311219218461049+0.00159397882065201i,-0.000872583925829348+0.00189381606944688i,-0.00080502071070497-0.000297162154216386i,0.00013395912591123-0.000222659709550216i,7.94363087104969e-05+6.34114486971247e-05i,-4.84815560868684e-06-7.91114884276076e-06i,1.42211282849509e-05-9.58333424931802e-07i,-4.05239632279473e-06+8.95515083994785e-06i,-1.03508420973691e-05-9.51584144943117e-06i,3.31314177966376e-06-2.24304016297016e-06i,-2.01684508517014e-06+1.01582737405264e-06i,-9.8215085061942e-07-1.74694915135417e-06i,2.35169537060199e-06+9.07348014222142e-07i
-8.38404492040783e-05-2.29251963629413e-08i,-5.47136774260169e-05-1.38328159290072e-08i,-2.60595839769171e-05-6.26587789185565e-09i,-2.84102519708158e-06-1.95041573689398e-09i,1.34374199431956e-07-6.94143449856018e-10i,1.25649257321329e-06+0i,9.91991568454585e-07+8.01114459838241e-11i,3.34286083078398e-07+1.08872500280199e-10i,5.75793757585128e-08+1.04572914237039e-10i,-1.62791601907868e-07+7.3447813727846e-12i,-2.68938542887014e-07-2.69325263691235e-11i,-2.76591992527452e-07-3.7445440637788e-11i,-2.08282009365549e-07-3.88981593088361e-11i,-0.000290200465946917-2.44465105023473e-08i,0.000174888433925959+1.43773642247907e-08i,-7.00009437470329e-05-6.28940797801387e-09i,2.22702865965722e-05+1.98337359581958e-09i,-8.86006827613381e-06-7.50898504141467e-10i,-5.83596223571751e-08-4.50069315431691e-11i,8.75581666951537e-07+1.01995994664302e-10i,-6.12486491959523e-07-9.65146011439856e-11i,1.07149658397484e-06+1.22039258345286e-10i,-3.81813343967514e-07-4.63835398094961e-11i,-5.19165139865334e-08-2.19337838772635e-12i,-3.91042198743429e-08+1.28756918003025e-11i,-6.06845553794673e-08-2.35601004940409e-11i,-0.000256596601181179-0.00010814957258742i,-6.4749792122863e-05+0.000150819034834219i,6.71695276225558e-05+2.46122367908916e-05i,1.0945109412057e-05-2.16677993377809e-05i,-7.91135955787515e-06-4.84847692599965e-06i,-3.32214600461019e-07-2.5845894486614e-07i,-8.79640849734598e-07-1.81650342843834e-07i,-3.03283239307004e-07+1.00852697163944e-06i,1.14825229232885e-06+6.19067319132212e-07i,2.8310083683602e-07-2.57153036616774e-07i,9.4450710003e-08-6.48752225205401e-08i,-1.13738369252069e-07-1.44828424231006e-07i,-2.46104899003919e-07+3.43811364459128e-08i,-0.00025660018651623+0.000108110739639787i,-6.47260638259408e-05-0.000150821683238676i,6.7170656126926e-05-2.46021126361932e-05i,1.09422985846269e-05+2.16682579445062e-05i,-7.91152074154361e-06+4.84746727141496e-06i,-3.32317269602544e-07+2.58464737409893e-07i,-8.79671717574819e-07+1.81439791290045e-07i,-3.03169358687267e-07-1.00858635531029e-06i,1.14828731011764e-06-6.18936437914405e-07i,2.8305328794941e-07+2.57118700284906e-07i,9.44693265201792e-08+6.48737579861546e-08i,-1.13749870816926e-07+1.4480998136453e-07i,-2.46101319798206e-07-3.44143254249867e-08i
-0.000635311500835789-1.61153516549077e-08i,-0.000404221573331731-9.80970755097589e-09i,-0.000178471316172247-4.42309972095294e-09i,-5.79682441748633e-05-1.42536696251973e-09i,-2.10358862701306e-05-5.07434327558628e-10i,9.91991568454585e-07-8.01114459838241e-11i,3.81458303206963e-06+0i,3.22230078298552e-06+9.24544105932112e-11i,3.12981605645106e-06+1.0887724150292e-10i,8.6148658475575e-07+6.81472494335006e-12i,-4.61892213640287e-07+6.38892809654691e-12i,-6.82378818117878e-07-2.93035221186896e-11i,-7.3774192893871e-07-6.55216064994289e-11i,-0.000390639604114608-1.48991321476747e-08i,0.000211070249715459+8.53133121495096e-09i,-8.93563208618512e-05-3.6344822743544e-09i,2.19589753019107e-05+1.03103797592179e-09i,-7.99655178876936e-06-3.73088014806529e-10i,-8.75575897215218e-07-1.01122805344857e-10i,7.56971320141552e-07+6.99805269178845e-11i,-5.98309961276726e-07+8.08927270724397e-12i,9.32824429993941e-07+7.83843709618493e-11i,-3.43127264999884e-08-1.02811969696681e-10i,-2.01438760799537e-07+6.75531107175471e-11i,1.45105398835986e-07-2.84385437921742e-11i,-2.38958491292536e-07-4.7948729320876e-12i,-0.000508799438165954+1.37817057020753e-05i,-1.59277196608018e-05+0.000305116410804427i,0.000132401791426423+1.49250486560457e-05i,5.21373179568903e-06-3.93337863429292e-05i,-1.42213738028638e-05-9.58477346853065e-07i,1.81532751246386e-07-8.79668928898145e-07i,-2.00186962914405e-06-1.15125701060986e-06i,-5.38602105810722e-07+1.61891932597839e-06i,1.90867230795089e-06+7.05620396324669e-08i,1.26950759329537e-07-4.46154228777138e-07i,2.13465234918661e-07+1.22407088645938e-07i,1.40334911703733e-07-2.28816113925171e-07i,-4.15074018947859e-07+3.04901723114403e-08i,-0.000508800190726069-1.38090456464777e-05i,-1.59112630062493e-05-0.000305117419160225i,0.0001324023996879-1.49179611835121e-05i,5.21177349358098e-06+3.93340324160523e-05i,-1.4221393545099e-05+9.57776001850837e-07i,1.81552566211409e-07+8.7965198926603e-07i,-2.00184713409633e-06+1.15118937320974e-06i,-5.38428870977896e-07-1.61898014334525e-06i,1.90870431950492e-06-7.04221745475247e-08i,1.26975724566451e-07+4.46043684753851e-07i,2.13528764889314e-07-1.2237876365222e-07i,1.40306419085642e-07+2.28767203836164e-07i,-4.15036385682944e-07-3.05350776409064e-08i
-0.000678343042070667+5.1783833468576e-09i,-0.000417362095822361+2.97810619216844e-09i,-0.000181503486318899+1.4253032127329e-09i,-6.3456803590134e-05+3.21904386454256e-10i,-2.40318652981815e-05+9.77197066550807e-11i,3.34286083078398e-07-1.08872500280199e-10i,3.22230078298552e-06-9.24544105932615e-11i,3.57141326793852e-06+0i,3.74084009424761e-06+1.14675079155338e-11i,1.01227058157758e-06-1.5166881955815e-11i,-3.17443949483463e-07+2.65533033955658e-11i,-6.2536262493572e-07+1.1874600623608e-11i,-8.29649604584257e-07-2.18027052173485e-11i,-0.00027621116081701+1.16069723317148e-08i,0.000146343879017789-7.20092261266973e-09i,-6.93647907401046e-05+3.24400337944817e-09i,1.67078799777462e-05-1.22550221716591e-09i,-5.49380903344805e-06+4.9641775053418e-10i,-6.12482194329022e-07-9.56592934793677e-11i,5.98303547010019e-07-2.97067108769814e-11i,-5.49417371846825e-07+1.1824431047801e-10i,5.67874859274639e-07-5.81261189425915e-11i,4.97510560304212e-08-6.2340645973856e-11i,-1.87040636887162e-07+7.46913154208873e-11i,1.8717947896401e-07-3.15705940783286e-11i,-1.80582251649444e-07+1.43311730052649e-11i,-0.000365291677424269+0.000125479477709588i,5.72353979584898e-05+0.000223437028044485i,9.42025066124653e-05-1.46773207151095e-05i,-7.20357143256969e-06-2.53340203619257e-05i,-8.95521731938974e-06+4.05228259819684e-06i,3.03157997054527e-07-1.00857445495229e-06i,-1.6189965283713e-06-5.38438377904652e-07i,2.23146144396633e-07+8.53091936413906e-07i,1.0965257979358e-06-7.69221564192291e-07i,-1.54687185380806e-07-2.55440827593525e-07i,1.95089441730362e-07+1.06135623990415e-07i,6.34874452381111e-08-1.20641463469806e-07i,-2.36241513690789e-07+1.71526254307251e-07i,-0.000365286110442387-0.000125468745474702i,5.72284315080818e-05-0.000223434045052359i,9.42015828098165e-05+1.46744095837929e-05i,-7.2027849642212e-06+2.53336242946458e-05i,-8.95496321630237e-06-4.05199803480428e-06i,3.032892649613e-07+1.00854504803873e-06i,-1.61891550382744e-06+5.38606009644332e-07i,2.23186964006759e-07-8.53093741258072e-07i,1.09652166564335e-06+7.69231760103889e-07i,-1.54614844374424e-07+2.55326193064724e-07i,1.95164516046121e-07-1.06101462089699e-07i,6.34810088959538e-08+1.20621267950447e-07i,-2.36213859817328e-07-1.71527802090439e-07i
-0.000823074117951176+4.37579061055534e-09i,-0.000497042016207319+3.11186907684994e-09i,-0.000210875645520966+1.55146287574822e-09i,-7.48263392968181e-05+4.60028059901348e-10i,-2.90982575171787e-05+1.4562646063792e-10i,5.75793757585128e-08-1.04572914237052e-10i,3.12981605645106e-06-1.0887724150292e-10i,3.74084009424761e-06-1.14675079155338e-11i,4.40191956704167e-06+0i,1.24903751766571e-06-2.53213184546198e-11i,-2.30338667800589e-07+2.59535459073615e-11i,-4.91853657608728e-07+1.6688158856217e-11i,-8.60555240372137e-07-2.03701939205399e-11i,-0.000240357013632022+5.37830560527197e-09i,0.000131359823094488-2.91494159435338e-09i,-6.80978532275876e-05+1.28006592392641e-09i,1.38491204054355e-05-5.04030076864183e-10i,-3.44118100660566e-06+2.28269602266739e-10i,-1.07149377648408e-06-1.10319817891804e-10i,9.32820480579746e-07+3.85653887931746e-11i,-5.67877037050641e-07+7.40056964794379e-11i,2.78171345524059e-07-2.67890429451869e-11i,1.87922976764687e-07-7.62559566607234e-11i,-2.60319609347277e-07+7.11045768377908e-11i,2.65324127509431e-07-1.75038853529947e-11i,-1.92240265351404e-07-2.9800737109886e-12i,-0.000416681512576241+0.000243485274315653i,0.000133301769092851+0.000254392873653006i,0.000107572156354266-4.51969733353642e-05i,-2.02363111292576e-05-2.92211132378857e-05i,-1.03510132884002e-05+9.51584481446406e-06i,6.1895570190567e-07-1.14830830611705e-06i,-1.90876716693441e-06-7.04500251817005e-08i,7.69193812174488e-07+1.09654345425591e-06i,1.32168922271245e-06-1.54026606444502e-06i,-4.81540619908593e-07-2.92091797585757e-07i,2.64243624201252e-07+1.2382471432278e-07i,6.49884213452761e-08-2.0295108984211e-07i,-2.96385714852773e-07+2.36527150220172e-07i,-0.000416676201937794-0.000243480114747853i,0.000133298203342005-0.000254388917815697i,0.000107570448117558+4.51955086372248e-05i,-2.02359255698109e-05+2.92204487283643e-05i,-1.03507228552151e-05-9.51570006101401e-06i,6.19047277540983e-07+1.14823636561011e-06i,-1.90862799380261e-06+7.05597796015386e-08i,7.69249695191608e-07-1.09651298721729e-06i,1.3216644772528e-06+1.54027847168118e-06i,-4.8147269507295e-07+2.91962891733929e-07i,2.64311709965134e-07-1.23770107354166e-07i,6.49579916275434e-08+2.0292814947226e-07i,-2.96366164400848e-07-2.36540550830697e-07i
-0.000227545464228296-8.36594319447444e-09i,-0.000139549600342646-4.35035653212042e-09i,-5.88955913424902e-05-1.79489553482325e-09i,-2.17557727616614e-05-4.29121565143776e-10i,-8.60543642298839e-06-1.55354126980751e-10i,-1.62791601907868e-07-7.3447813727846e-12i,8.6148658475575e-07-6.81472494335006e-12i,1.01227058157758e-06+1.5166881955815e-11i,1.24903751766571e-06+2.53213184546198e-11i,4.17883860703338e-07+0i,-2.51683719507473e-08+8.34472174249575e-12i,-8.82804188973879e-08+4.38092712869451e-12i,-1.96180840484911e-07-9.39090805081319e-12i,-1.34274931076849e-05-1.33822457226034e-08i,2.72612846764959e-06+8.58634571160483e-09i,-4.46356934887324e-06-3.78086644719528e-09i,-1.46696851026528e-06+1.21730500871985e-09i,1.14546759790117e-06-4.37891984917481e-10i,-3.81810599134591e-07-4.91420332126355e-11i,3.43113837821345e-08+9.90453758238062e-11i,4.97488036410486e-08-5.62677445543082e-11i,-1.87920500198662e-07+6.83867606371994e-11i,1.6396952462873e-07-3.89872998278985e-11i,-6.68790388986453e-08+7.6112859353159e-12i,6.90151958331786e-08+1.56253724272994e-11i,-4.1149557773559e-08-2.68625061920253e-11i,-9.15754722933763e-05+8.43897642850533e-05i,4.48364629097266e-05+5.61061553771706e-05i,2.36341588292541e-05-1.47542054035661e-05i,-6.78792907118565e-06-6.32823525466879e-06i,-2.24349839755608e-06+3.31305976779757e-06i,2.83088858671991e-07-2.57148658467053e-07i,-4.46134849875498e-07-1.27001247137694e-07i,1.54605243406563e-07+2.55396864446187e-07i,2.92029378605484e-07-4.81467199693755e-07i,-1.69100412633297e-07-6.42293653300941e-08i,6.51990193895818e-08+6.19355271375531e-08i,7.2073476925709e-08-5.62182760719972e-08i,-7.08492830436872e-08+3.50067266967783e-08i,-9.15749415731533e-05-8.44117391737462e-05i,4.48495535507022e-05-5.61047054075961e-05i,2.36332137458664e-05+1.47599050281676e-05i,-6.7896080341852e-06+6.32788626940757e-06i,-2.24339957457741e-06-3.31366797300293e-06i,2.83069773934482e-07+2.57129165641892e-07i,-4.46070316745166e-07+1.26934908119718e-07i,1.54697645314703e-07-2.55370249878911e-07i,2.92021314726437e-07+4.81553657756471e-07i,-1.69096404125118e-07+6.4197417359539e-08i,6.52115672555952e-08-6.19085559857931e-08i,7.20506783637604e-08+5.62190432973659e-08i,-7.08595749660174e-08-3.50349913033431e-08i
5.23525781504856e-05-8.99693591060974e-11i,3.40354129192196e-05+4.04952732763163e-10i,1.56381156117829e-05+1.91392464079676e-10i,4.23228397629175e-06+2.45426105732339e-10i,1.33791860537617e-06+1.05996961450435e-10i,-2.68938542887014e-07+2.69325263691235e-11i,-4.61892213640287e-07-6.38892809654691e-12i,-3.17443949483463e-07-2.65533033955658e-11i,-2.30338667800589e-07-2.59535459073615e-11i,-2.51683719507473e-08-8.34472174249575e-12i,1.0182773850486e-07+0i,1.32324017736402e-07+8.23476523961437e-12i,1.03239128814733e-07+1.06003523683965e-11i,7.30690311925811e-05-9.03481579635065e-09i,-4.18057832674219e-05+5.89890063221465e-09i,1.69832836855644e-05-2.50868632047e-09i,-5.1074585515299e-06+8.92865096673113e-10i,2.02456608755708e-06-3.39970864101773e-10i,5.19197597492858e-08-2.59204407961462e-12i,-2.01445197929552e-07+5.84579178795444e-11i,1.87040986334313e-07-5.83101385918298e-11i,-2.60314481176438e-07+4.71012468019415e-11i,6.6878510510122e-08-4.04391324975184e-12i,2.81239415449975e-08-1.17801701624036e-11i,-1.879491946557e-08+1.53093683100411e-11i,2.69309640160443e-08-1.77918549320816e-11i,6.98380702094633e-05+2.01397329673759e-05i,1.39775309449427e-05-4.14876445768916e-05i,-1.8164669000769e-05-5.99797624320524e-06i,-2.54378987243496e-06+5.58510929969318e-06i,2.01665794756275e-06+1.01585554429687e-06i,6.48882832401281e-08+9.44470295087458e-08i,2.13474551530523e-07+1.22373065045068e-07i,1.06105054355878e-07-1.95118499074123e-07i,-2.64283286797117e-07-1.23778984988172e-07i,-6.19182330406801e-08+6.52124973313902e-08i,-8.75758502573188e-09+4.63819939533321e-09i,1.80176021328916e-08+3.87798897311162e-09i,4.80060126206244e-08-1.72301613281099e-08i,6.9833607422212e-05-2.01506790862225e-05i,1.39839770071969e-05+4.1486014660443e-05i,-1.81644374960657e-05+6.0008113625835e-06i,-2.54467913305127e-06-5.58496473438644e-06i,2.01653300175499e-06-1.01618060808603e-06i,6.48648081353895e-08-9.44646637920503e-08i,2.13501362869505e-07-1.22408861172353e-07i,1.06129688758052e-07+1.9512648677905e-07i,-2.64266306550509e-07+1.2381244849292e-07i,-6.19240495919421e-08-6.51957937781192e-08i,-8.76988984009738e-09-4.62938353255027e-09i,1.80103037247705e-08-3.86999845060422e-09i,4.79889715221118e-08+1.72200348355141e-08i
8.19517269103058e-05+5.39692021681461e-10i,5.2565649358906e-05+5.37946961783612e-11i,2.42690163045559e-05+1.2289500688002e-10i,7.64420733678159e-06+1.46527814335328e-10i,2.62251686463077e-06+6.19948960678608e-11i,-2.76591992527452e-07+3.7445440637788e-11i,-6.82378818117878e-07+2.93035221186896e-11i,-6.2536262493572e-07-1.1874600623608e-11i,-4.91853657608728e-07-1.6688158856217e-11i,-8.82804188973879e-08-4.38092712869451e-12i,1.32324017736402e-07-8.23476523961437e-12i,2.34492757423193e-07+0i,2.13209997978767e-07+4.99975583366914e-12i,8.14262962205065e-05+4.62026303650729e-10i,-4.4612088072661e-05-2.25968066740207e-10i,1.87578849256189e-05+2.24876463600921e-10i,-5.79729128391848e-06-1.53418484973315e-10i,2.33334386926206e-06+5.0990031633881e-11i,-3.91038034838011e-08+6.56870553627073e-12i,-1.45109180299667e-07+4.93165727907071e-12i,1.87177300425304e-07+2.99952365500359e-12i,-2.65318160577532e-07-2.22898945081067e-11i,6.9016511105294e-08+1.87321077743575e-11i,1.8792646851015e-08-7.29243527333075e-12i,3.3541231516628e-09+2.12151592343087e-13i,-5.34274048168639e-09+7.9999584199778e-13i,6.83971177093201e-05+1.6149725810653e-05i,1.30139730938735e-05-4.14718428534455e-05i,-1.76318726056865e-05-6.24099179033487e-06i,-2.58926880686015e-06+4.93195364244704e-06i,1.74703144314677e-06+9.82124249217069e-07i,1.13743207506825e-07+1.44809888760388e-07i,2.28793179002434e-07+1.4031344119516e-07i,6.34707443334751e-08-1.20621374886967e-07i,-2.02927231453235e-07-6.49538822675169e-08i,-7.20560290529942e-08+5.62254388419078e-08i,-3.86929625593316e-09+1.80136342298276e-08i,5.58527172697932e-08-1.6037985831173e-08i,3.55851362532764e-08-7.49229835118801e-08i,6.83959762833545e-05-1.61570053004212e-05i,1.30179858894654e-05+4.14709868178777e-05i,-1.76314879490873e-05+6.24294432063929e-06i,-2.59006450206449e-06-4.93178616949007e-06i,1.74694370714334e-06-9.82430675631726e-07i,1.13749111791456e-07-1.44824524485016e-07i,2.28771130512751e-07-1.40320602077431e-07i,6.34879726208421e-08+1.20625061170667e-07i,-2.02934638341921e-07+6.49782303010402e-08i,-7.20635370935621e-08-5.62060928985047e-08i,-3.88027681798496e-09-1.80141531568334e-08i,5.5846877778134e-08+1.60405789533349e-08i,3.55851432944602e-08+7.49132148071197e-08i
0.000152897523100008-6.67373828957556e-09i,9.25646428760512e-05-4.45657294110635e-09i,3.99974522279836e-05-1.77721232185085e-09i,1.35589653303713e-05-5.21701371718851e-10i,5.09343033606397e-06-1.97983977939139e-10i,-2.08282009365549e-07+3.88981593088361e-11i,-7.3774192893871e-07+6.55216064994289e-11i,-8.29649604584257e-07+2.18027052173485e-11i,-8.60555240372137e-07+2.03701939205399e-11i,-1.96180840484911e-07+9.39090805081319e-12i,1.03239128814733e-07-1.06003523683965e-11i,2.13209997978767e-07-4.99975583366914e-12i,2.73627388627692e-07+0i,8.282814873906e-05-3.75079289495826e-10i,-4.6991990141876e-05+1.34059226576197e-10i,2.18953756105205e-05-2.82112265288697e-12i,-6.02460843416761e-06-1.87575424004606e-10i,2.09779363172389e-06+7.75444573086062e-11i,6.06834826601533e-08+3.55214785046673e-12i,-2.38955786058859e-07+8.69431332992284e-13i,1.80578689072373e-07+4.71628468513716e-12i,-1.9223749849826e-07-2.45360834387355e-11i,4.11509228601009e-08+2.6207483451854e-11i,2.69297086579786e-08-1.41502218797399e-11i,5.34224384258878e-09+2.04653307716079e-12i,-1.65071159798157e-08+1.70107887097664e-12i,9.39189036008083e-05-2.64672431041426e-05i,-1.39566627960372e-05-5.7278921294287e-05i,-2.42617162567409e-05+4.35917666234746e-06i,1.92131861608986e-06+6.63838243800791e-06i,2.3517137542109e-06-9.07557277923998e-07i,3.43998016649841e-08+2.46112307287734e-07i,4.15074589709995e-07-3.05317694338989e-08i,-1.71549675236868e-07-2.36217997817192e-07i,-2.96357714699748e-07+2.36564598846395e-07i,3.50300837618181e-08+7.08631599228816e-08i,-4.79949309516132e-08+1.7221514310141e-08i,7.49185463615208e-08+3.55904931201147e-08i,6.82875062043575e-08-1.24915015068944e-07i,9.39222270462423e-05+2.64519538573137e-05i,-1.39478042096862e-05+5.72802438664433e-05i,-2.42619804777206e-05-4.35510588141681e-06i,1.91988912188083e-06-6.63852338493586e-06i,2.35178655316513e-06+9.07015520842588e-07i,3.43984651099832e-08-2.46095996182696e-07i,4.15035146813959e-07+3.04932046789848e-08i,-1.71506778115338e-07+2.36232292366512e-07i,-2.96384992207761e-07-2.36508333094582e-07i,3.50116130850483e-08-7.08431773297743e-08i,-4.80025542848539e-08-1.72284046791983e-08i,7.4915382397924e-08-3.55834901823917e-08i,6.82903921604915e-08+1.24900506561979e-07i
0.0863645479155332+4.85461988441669e-08i,0.0505826257970142+7.71896804395508e-08i,0.0237045882262314+5.89241303374837e-08i,0.0060216927392726+3.18314299801056e-08i,0.00190578078004091+1.8753145662562e-08i,-0.000290200465946917+2.44465105023473e-08i,-0.000390639604114608+1.48991321476747e-08i,-0.00027621116081701-1.16069723317148e-08i,-0.000240357013632022-5.37830560527197e-09i,-1.34274931076849e-05+1.33822457226034e-08i,7.30690311925811e-05+9.03481579635065e-09i,8.14262962205065e-05-4.62026303650729e-10i,8.282814873906e-05+3.75079289495826e-10i,0.173835632997137+0i,-0.104296092347086+1.24072740297349e-09i,0.0442966144349807-2.16188994555951e-09i,-0.0148936984897364+2.15154648579157e-08i,0.00571893629084869-5.72387640220945e-09i,8.38414257901372e-05+1.18084313656723e-08i,-0.000635312533992807+2.29132072975205e-09i,0.000678343354094507-1.28635038615871e-08i,-0.000823074266963381+8.20312225148231e-12i,0.000227547005635219+8.09958537349886e-09i,5.2350950556157e-05-1.94305199667694e-09i,-8.19518491705636e-05+5.90711988348435e-09i,0.000152897821638987-6.39842282444869e-09i,0.116431308965808+0.039200962302677i,0.0221522341906495-0.070345145330272i,-0.0302170028613403-0.00781266450710289i,-0.0034694877266871+0.00866406958537587i,0.00311219800412249+0.00159398324037818i,0.000108124558191974+0.000256603715285769i,0.000508806882583966+1.38041492575319e-05i,0.000125473576898244-0.00036528485417597i,-0.000416676733161197-0.000243480757879537i,-8.44039396896449e-05+9.15863510773701e-05i,-6.98311133472887e-05+2.01472268194894e-05i,1.61535271152829e-05+6.84014909702825e-05i,9.39232473455727e-05+2.6455658985544e-05i,0.116431325025058-0.0392009559459742i,0.0221522373043601+0.0703452005258604i,-0.0302170416367491+0.00781268913946805i,-0.00346947912515815-0.00866409653091547i,0.00311219865289553-0.00159398653304957i,0.000108138513224344-0.000256589080498722i,0.000508788873438993-1.37847101083359e-05i,0.000125476029146453+0.000365291680360635i,-0.000416680450081935+0.000243485039554712i,-8.4395149996085e-05-9.15633557990716e-05i,-6.98429680180603e-05-2.01422847524031e-05i,1.61536901748663e-05-6.83945989403152e-05i,9.39187848520969e-05-2.64635530667269e-05i
-0.0505826355164684-6.54632491157924e-08i,-0.0292144591056133-6.73238949169524e-08i,-0.013591309008987-4.47054867584804e-08i,-0.00335986505770997-2.28466795812436e-08i,-0.00106072239840532-1.28756676989514e-08i,0.000174888433925959-1.43773642247907e-08i,0.000211070249715459-8.53133121495096e-09i,0.000146343879017789+7.20092261266973e-09i,0.000131359823094488+2.91494159435338e-09i,2.72612846764959e-06-8.58634571160483e-09i,-4.18057832674219e-05-5.89890063221465e-09i,-4.4612088072661e-05+2.25968066740207e-10i,-4.6991990141876e-05-1.34059226576197e-10i,-0.104296092347086-1.24072740297349e-09i,0.0630615428402603+0i,-0.0268717192307348-6.73305143771695e-10i,0.00903523293979035-1.18380900052368e-08i,-0.00345443278978463+2.66242931023549e-09i,-5.47142842370743e-05-6.85218109211147e-09i,0.000404222234372136-1.36699678828418e-09i,-0.000417362189403012+7.4675301615892e-09i,0.000497042114632478-4.10775404577411e-10i,-0.000139550585761278-4.31330259083018e-09i,-3.40345425112363e-05+8.13970055612028e-10i,5.2565860848215e-05-3.50303867824409e-09i,-9.25648378337423e-05+3.89883484610393e-09i,-0.0703451882713452-0.02215222980899i,-0.0120409272287403+0.0424542555593318i,0.01826553798295+0.00406322596976015i,0.00183525273647603-0.00526564222071388i,-0.00189381945709202-0.000872587224230733i,-6.47335940161456e-05-0.000150823595411436i,-0.00030512122468352+1.5913561482677e-05i,-5.7230807353138e-05+0.000223433191909502i,0.000254389756703234+0.000133298210138947i,4.48451847181819e-05-5.61121568432354e-05i,4.14840014231428e-05-1.39818215124616e-05i,-1.30158734071076e-05-4.14743421056878e-05i,-5.72811173265315e-05-1.39497778317598e-05i,-0.0703451690228939+0.0221522400394948i,-0.012040935198493-0.0424542737966291i,0.0182655559932507-0.00406324543336392i,0.00183524910960151+0.00526565597811992i,-0.00189381889616767+0.000872590069970716i,-6.47438850873133e-05+0.000150814675718606i,-0.000305110265251374-1.59268495528913e-05i,-5.72337522786071e-05-0.000223437264714327i,0.000254391833840339-0.000133302154318444i,4.48394352961191e-05+5.60982392399363e-05i,4.149105635503e-05+1.3979147236491e-05i,-1.3016386182115e-05+4.14701681757117e-05i,-5.72785390444514e-05+1.39547486834774e-05i
0.0237045952083541+4.49918020473017e-08i,0.0135913111329767+3.82142339194406e-08i,0.00623130695804356+2.31492777152942e-08i,0.00161116302960108+1.16712524379658e-08i,0.000530991097250747+6.34794857179671e-09i,-7.00009437470329e-05+6.28940797801387e-09i,-8.93563208618512e-05+3.6344822743544e-09i,-6.93647907401046e-05-3.24400337944817e-09i,-6.80978532275876e-05-1.28006592392641e-09i,-4.46356934887324e-06+3.78086644719528e-09i,1.69832836855644e-05+2.50868632047e-09i,1.87578849256189e-05-2.24876463600921e-10i,2.18953756105205e-05+2.82112265288697e-12i,0.0442966144349807+2.16188994555951e-09i,-0.0268717192307348+6.73305143771695e-10i,0.0115480484841069+0i,-0.00386820150433204+5.26198657299647e-09i,0.00146758452943299-1.25128209902349e-09i,2.60598806421189e-05+3.15423058664347e-09i,-0.000178471588266692+5.14849602939861e-10i,0.000181503457498286-3.2905566967138e-09i,-0.000210875664445236+3.45425068739215e-10i,5.8896008375841e-05+1.84411733060874e-09i,1.5637812767928e-05-4.17289211205803e-10i,-2.42691577397253e-05+1.43211317501968e-09i,3.99975278486361e-05-1.56845850861616e-09i,0.0302170378604702+0.00781267302991431i,0.00406323312337376-0.018265547746909i,-0.00783942157314753-0.00129792725148543i,-0.000599267756070602+0.00224187870732097i,0.000805021974994251+0.000297163408054789i,2.4605179453578e-05+6.71716505031884e-05i,0.000132404113799251-1.4918942358271e-05i,1.46752735793303e-05-9.42011298348939e-05i,-0.000107570867184552-4.51953467813806e-05i,-1.47579457727107e-05+2.3636677848267e-05i,-1.81632338276618e-05+5.99966219812102e-06i,6.2417850031481e-06+1.76328490731456e-05i,2.42624576651803e-05+4.3560875533392e-06i,0.0302170169554133-0.00781267823680746i,0.00406323755333549+0.018265549171263i,-0.00783942761426048+0.00129793689663284i,-0.00059926703797002-0.00224188393819293i,0.00080502136293655-0.000297165044427105i,2.46098946100878e-05-6.71674749776133e-05i,0.000132399152615964+1.49247334759202e-05i,1.46767571656774e-05+9.42027860757956e-05i,-0.000107571702485409+4.51973426437838e-05i,-1.47556302720185e-05-2.36305322781379e-05i,-1.81664154401755e-05-5.99890922715521e-06i,6.24225140479946e-06-1.76312363195235e-05i,2.42614930984275e-05-4.35823690606883e-06i
-0.00602169622968404-3.17654417130998e-08i,-0.00335986662281002-2.31526595175599e-08i,-0.00161116340708114-1.25615220025622e-08i,-0.000379186703630321-5.45470084213082e-09i,-0.000114082350227447-2.74741141861092e-09i,2.22702865965722e-05-1.98337359581958e-09i,2.19589753019107e-05-1.03103797592179e-09i,1.67078799777462e-05+1.22550221716591e-09i,1.38491204054355e-05+5.04030076864183e-10i,-1.46696851026528e-06-1.21730500871985e-09i,-5.1074585515299e-06-8.92865096673113e-10i,-5.79729128391848e-06+1.53418484973315e-10i,-6.02460843416761e-06+1.87575424004606e-10i,-0.0148936984897364-2.15154648579157e-08i,0.00903523293979035+1.18380900052368e-08i,-0.00386820150433204-5.26198657299647e-09i,0.00134028291705396+0i,-0.000515399727828852-2.44171273737231e-10i,-2.8411786461116e-06-8.40663937222461e-10i,5.79683760833827e-05-2.96645803402203e-10i,-6.34567784313252e-05+9.25260154929455e-10i,7.48263262171049e-05+5.05689476789374e-12i,-2.17559223393536e-05-4.03645701929255e-10i,-4.23216741567954e-06-1.34215432350093e-10i,7.6442408718378e-06-3.34693018399241e-10i,-1.35589762428124e-05+4.99112407893204e-10i,-0.0086640870334473-0.00346949509889762i,-0.00183525828106411+0.0052656483245892i,0.00224187982282342+0.000599269152914569i,0.000274359312278844-0.000623743134272457i,-0.00022265993384309-0.000133959808546i,-1.09429648638934e-05-2.16684936155937e-05i,-3.93345360310123e-05+5.21183850785603e-06i,-7.20290784461236e-06+2.53335716730091e-05i,2.92206304339429e-05+2.02358686004312e-05i,6.78916512172079e-06-6.32890020919731e-06i,5.58463224443481e-06-2.54441286447495e-06i,-2.58972660872275e-06-4.93212358164542e-06i,-6.638577056313e-06-1.92015583340382e-06i,-0.00866408600747604+0.00346947087370127i,-0.00183524361180839-0.00526565273651114i,0.00224188364568132-0.000599265855277576i,0.00027435719817939+0.000623745609184755i,-0.000222660012919303+0.000133959684294992i,-1.09447400219626e-05+2.16671733524643e-05i,-3.93329706983305e-05-5.21393416074645e-06i,-7.20359472506796e-06-2.53340409404061e-05i,2.92209655984273e-05-2.02364761041844e-05i,6.78817880233182e-06+6.32718948113598e-06i,5.58558453246887e-06+2.54399977223926e-06i,-2.58968614248937e-06+4.93182907415407e-06i,-6.6384261645492e-06+1.92104606649365e-06i
0.00190578377618084+1.32716572943969e-08i,0.00106072400978611+9.81836112454645e-09i,0.000530991661882653+5.3069521010959e-09i,0.000114082513570184+2.35179632154717e-09i,3.03434153470927e-05+1.15069382300264e-09i,-8.86006827613381e-06+7.50898504141467e-10i,-7.99655178876936e-06+3.73088014806529e-10i,-5.49380903344805e-06-4.9641775053418e-10i,-3.44118100660566e-06-2.28269602266739e-10i,1.14546759790117e-06+4.37891984917481e-10i,2.02456608755708e-06+3.39970864101773e-10i,2.33334386926206e-06-5.0990031633881e-11i,2.09779363172389e-06-7.75444573086062e-11i,0.00571893629084869+5.72387640220945e-09i,-0.00345443278978463-2.66242931023549e-09i,0.00146758452943299+1.25128209902349e-09i,-0.000515399727828852+2.44171273737231e-10i,0.000200420503900106+0i,-1.34313621331487e-07+2.66113829017126e-10i,-2.10359404545514e-05+1.76107858369777e-10i,2.40318573859731e-05-3.51431024162515e-10i,-2.90982457455034e-05-1.11405705652825e-11i,8.60549133587331e-06+1.29824797230449e-10i,1.33786681149039e-06+7.40018650138217e-11i,-2.62252286603906e-06+1.25203204789576e-10i,5.09343188596632e-06-2.01623913325614e-10i,0.0031121988653554+0.0015939866220532i,0.0008725900311967-0.00189381796501267i,-0.000805020593368542-0.000297164241727302i,-0.000133959913045673+0.000222659314537262i,7.94365547720725e-05+6.3411644561064e-05i,4.84770787555043e-06+7.91158917808771e-06i,1.42215910165377e-05-9.57804014470095e-07i,4.05202361254657e-06-8.954990590145e-06i,-1.03508123357359e-05-9.51568024326682e-06i,-3.31351830101138e-06+2.24374502401429e-06i,-2.01645152706291e-06+1.0161140955858e-06i,9.82334205430843e-07+1.74707666277118e-06i,2.35179713544278e-06+9.07100191398656e-07i,0.00311219768855405-0.00159398303688606i,0.000872587577709072+0.00189381976577409i,-0.000805022331308044+0.000297164450222664i,-0.000133959648593383-0.000222660349054908i,7.94365883829826e-05-6.34117933885168e-05i,4.84835223385007e-06-7.91113847600208e-06i,1.42210551027427e-05+9.58538076145731e-07i,4.05232955669005e-06+8.95517417915055e-06i,-1.03509410070371e-05+9.51591046105808e-06i,-3.31312949077884e-06-2.24314311296861e-06i,-2.01679476164534e-06-1.01590006609234e-06i,9.82256125931656e-07-1.74697625311558e-06i,2.35173816604689e-06-9.07467358346442e-07i
