0.102718861845129+0i,0.0964866259833802-2.35705893402506e-07i,0.0645428165851624+6.41608506982019e-07i,0.0325915157824721-1.04576119262486e-06i,0.018254821632155-1.30812607241443e-06i,0.00775925203971368+9.35031630126697e-07i,0.00119202905225122+7.65886508929446e-07i,-0.00106107360881883-1.50159894321243e-06i,-0.00205258287028426-1.21725964144751e-06i,-0.00222268926283127-4.69668919334244e-07i,-0.00103238516832713-1.62166753604973e-06i,-0.000133825114471615-1.66680837344832e-06i,-3.30268485390834e-05-4.33078283494982e-07i,0.0698328149753591+2.644911671769e-06i,-0.0646690214547165-6.0427281984191e-06i,0.0434044611628227+6.62084826871634e-06i,-0.0195997684075792-3.47856672650245e-06i,0.0102323054345326+9.05154414003436e-07i,-0.00449581017431285-1.1272114572254e-06i,0.000559445527152533+2.8257798407836e-07i,0.000911808006780829+1.62419789089995e-06i,-0.00118693422250016-1.56197664853289e-06i,0.00124552823369083+9.01852753887058e-07i,-0.00063295438276965-1.31234539223702e-06i,4.10088637635726e-06+1.10302519156217e-06i,4.57555363447329e-05-2.62438067488723e-07i,0.0829774622479563-0.0106273865746077i,-0.00844735393302108-0.0776846441332741i,-0.0515011914977594+0.00416908251924663i,0.00269177165086755+0.0242199922440427i,0.013133262233768-0.00228366930476452i,-0.000797365409476353-0.00574098597583781i,-0.000734956138312056+2.68993234189558e-05i,6.35487641241841e-05-0.000988925170559261i,-0.00149064188235708+0.000191726722847936i,0.00028143303390966+0.00162563484548082i,0.000781530527496002-4.43546219389197e-05i,-1.8306136243209e-05-3.3379491756329e-05i,1.93013077203966e-05+5.71650176907879e-05i,0.0829727593633922+0.0106335158035094i,-0.00845109582348353+0.0776782940694783i,-0.0514957880452723-0.00417250159043215i,0.0026984658759775-0.0242171064182247i,0.0131323333356929+0.002291725276249i,-0.000803093555248878+0.00574072735987359i,-0.000735031614595964-3.28004831580325e-05i,6.97697238349516e-05+0.000988762626867477i,-0.00149091318439613-0.000187915007691911i,0.00027880462559339-0.00162644236345649i,0.000782527028867173+4.06409230691885e-05i,-1.56076661021526e-05+3.42069619896741e-05i,1.89602636503926e-05-5.65448685607838e-05i
0.0964866259833802+2.35705893402506e-07i,0.0910055452960763+0i,0.0611335888305462+7.30245056119603e-07i,0.0309202586835687-9.23517311677496e-07i,0.0172261150680885-1.24737615314209e-06i,0.00734601614525945+8.048227654801e-07i,0.00115431632328201+6.51516748885089e-07i,-0.00101670667021013-1.43199358561361e-06i,-0.00194688645648806-1.12832588508969e-06i,-0.00209794800430038-4.12633613639597e-07i,-0.000986979579103732-1.5019508831223e-06i,-0.000131019622060011-1.55629633097709e-06i,-2.57738347942984e-05-4.03317743918379e-07i,0.064668912718743+2.10623500441592e-06i,-0.059517348321884-5.34285120231359e-06i,0.0396607123226164+5.93411594408758e-06i,-0.017773472980608-2.9746931398277e-06i,0.00934702351401258+5.9635010594755e-07i,-0.00409091019697008-9.13664594526427e-07i,0.000475306358194759+1.99442993350448e-07i,0.0008282019147154+1.54557100438199e-06i,-0.00107483598413265-1.46281363183937e-06i,0.00113881561789053+8.44734253411816e-07i,-0.000567291230674981-1.24461383997436e-06i,-4.07204880930281e-06+1.05765606456282e-06i,3.84063192629368e-05-2.61034807494785e-07i,0.0776842604490771-0.00844671240668355i,-0.00616946883618559-0.0727235023514596i,-0.0482282265299788+0.00252381143495442i,0.00169279501104745+0.0227014084097432i,0.0123125048961855-0.001723985462643i,-0.000557912589815611-0.00537936747205025i,-0.000691316159514374-3.07471609494266e-05i,8.42077104771441e-05-0.00092462544738811i,-0.00139754416500186+0.000125935422047253i,0.000213253242693342+0.00152316317050215i,0.000732240324420806-9.81919490550583e-06i,-7.3358784118326e-06-3.2237197929043e-05i,1.76791223860302e-05+5.47903536093215e-05i,0.0776789202183196+0.00845211686009782i,-0.00617263883943517+0.0727166743937724i,-0.0482225002634873-0.00252669941740396i,0.00169886764272805-0.0226982110883076i,0.0123113247741053+0.00173138774437693i,-0.00056308748227108+0.00537899310168593i,-0.000691357804312906+2.54046327014092e-05i,8.99479136333285e-05+0.000924452900723848i,-0.0013977820832954-0.000122411221727462i,0.000210819175755054-0.00152391515156046i,0.000733147620456933+6.33032273667434e-06i,-4.79637176813244e-06+3.29865133866018e-05i,1.73601028749691e-05-5.42149455262337e-05i
0.0645428165851624-6.41608506982019e-07i,0.0611335888305462-7.30245056119603e-07i,0.0413256140219571+0i,0.0209747360477106-9.48175060804019e-07i,0.0116098440954659-1.02270972909927e-06i,0.00496265494080943+5.57800775118186e-07i,0.000806526093051793+5.49967490759395e-07i,-0.000694490269986126-8.75160223424459e-07i,-0.00132077807214296-6.61378077190556e-07i,-0.0014114608100724-1.51463730442491e-07i,-0.000674542020504116-9.08638523550097e-07i,-9.38257489408004e-05-1.00059151219409e-06i,-1.34300233084458e-05-2.61621081581718e-07i,0.0434044731577512+1.71586884898773e-06i,-0.0396607786026495-3.92839564529265e-06i,0.0262574472473966+4.18564069110161e-06i,-0.0117870625982216-2.08154170939399e-06i,0.00628318549340036+4.94453124313814e-07i,-0.00272331685498251-7.64809514371103e-07i,0.000302773133477667+2.84340641991671e-07i,0.000534624667608219+9.4513083991915e-07i,-0.000714308130905412-9.31341331436162e-07i,0.000763485282237968+5.29511717944926e-07i,-0.000369607003028469-8.15476924979797e-07i,-3.45489445895837e-06+7.25678082074e-07i,1.97473841565776e-05-1.95989388309181e-07i,0.0515004438110249-0.00416832206005894i,-0.00252347346927752-0.0482277767126323i,-0.0319377030328632+0.000489416569494132i,0.000407607616189447+0.0149746021781195i,0.00811405306585953-0.000763286122508224i,-0.000202453062937512-0.00355321081705624i,-0.000449132532472596-6.53585116793003e-05i,7.36309148556383e-05-0.000616455156281176i,-0.00092078374936716+3.69106461502467e-05i,9.53330946073328e-05+0.00100621517279764i,0.000483865472300395+1.94263210661132e-05i,3.26308096224992e-06-1.86088926526955e-05i,1.28391089892601e-05+3.59901720297316e-05i,0.0514972515499405+0.00417353778829981i,-0.0025270685843044+0.0482234717772557i,-0.031933902361933-0.000492728519362274i,0.000412797277583376-0.014972485744298i,0.00811336004046748+0.000769020998619098i,-0.000206398892136607+0.00355300138062692i,-0.000449184509551435+6.14533726694658e-05i,7.7572481070767e-05+0.000616269697266498i,-0.000920908658711976-3.45920876825819e-05i,9.37031001790018e-05-0.00100670834858572i,0.000484436491921074-2.17719763282185e-05i,4.9231986621658e-06+1.90984496639394e-05i,1.26088093812434e-05-3.56362752503215e-05i
0.0325915157824721+1.04576119262486e-06i,0.0309202586835687+9.23517311677496e-07i,0.0209747360477106+9.48175060804019e-07i,0.0108149487585939+0i,0.0060176435999976-1.75328563744201e-07i,0.00255865317440597+6.22707702877355e-07i,0.000431813725936019+5.4295694597146e-07i,-0.00034045564294405-3.57161603441259e-07i,-0.000684131614041048-3.16874191371919e-07i,-0.000728790820874321-5.39363006456195e-08i,-0.000346893499796205-4.70559014862542e-07i,-5.48052671946899e-05-5.36810140825781e-07i,-1.04663746427929e-05-1.41236196681756e-07i,0.0195999468803802+3.48926092849957e-06i,-0.0177736462159134-4.58936747544378e-06i,0.0117871439267324+3.99984724988178e-06i,-0.00520962097838877-2.12208766531635e-06i,0.00275228797784171+9.57921125266953e-07i,-0.00118936641467568-8.79284312643878e-07i,0.000127013877683272+4.52456298513155e-07i,0.000245371500241869+3.54043026464799e-07i,-0.000313874489614473-4.54205951225551e-07i,0.000331522531363052+2.6804434575636e-07i,-0.00016185823452358-4.08146994854216e-07i,-4.30031947800299e-06+3.74918710880743e-07i,1.07911341437638e-05-1.07728606276476e-07i,0.0242194419351516-0.0026910321474795i,-0.00169228836977506-0.0227010410726119i,-0.0149745730677412+0.000407413596007243i,0.000315122319083461+0.00694552370530392i,0.00375351453153619-0.000503589219085025i,-0.000139548922248779-0.00165419553874202i,-0.000199376776663781-3.61199629089102e-05i,4.37778053835789e-05-0.000294366609420339i,-0.000425665393837862+2.68132709927478e-05i,6.27445626641343e-05+0.000468604121732795i,0.000225468495808573+9.66355201194774e-06i,1.34017134013334e-06-5.1393728045013e-06i,7.49098636381002e-06+2.21355837359489e-05i,0.0242184170354807+0.00269928318421173i,-0.00169933333826394+0.0226992064104571i,-0.0149727075060127-0.000412949011646309i,0.000319985219511337-0.00694452275761338i,0.00375331658911964+0.000507894574840746i,-0.000142410113261915+0.00165417607800393i,-0.000199438943471582+3.36435265734626e-05i,4.59139255244336e-05+0.000294237553225598i,-0.000425721251570525-2.56735971955728e-05i,6.19134801087007e-05-0.000468873204712456i,0.000225801608100667-1.09063240429597e-05i,2.20142519841502e-06+5.45406430560394e-06i,7.33523550328404e-06-2.19616488522491e-05i
0.018254821632155+1.30812607241443e-06i,0.0172261150680885+1.24737615314209e-06i,0.0116098440954659+1.02270972909927e-06i,0.0060176435999976+1.75328563744201e-07i,0.00338921619746522+0i,0.00143107468507211+4.45344557982803e-07i,0.000236662814779589+3.52235107672731e-07i,-0.000181222085268597-2.05510528092976e-07i,-0.000381717820351691-1.94751170445392e-07i,-0.000410259917227066-5.74726801632034e-08i,-0.000190586295737403-2.98470978148354e-07i,-3.08401841196218e-05-3.20430860410749e-07i,-8.69239837535815e-06-8.19779376957279e-08i,0.0102326802176069+3.38046704433387e-06i,-0.00934736419242675-3.91941541748051e-06i,0.00628338762172622+3.10404729029161e-06i,-0.00275238120037777-1.61538986423955e-06i,0.00141269583123115+8.1475576066863e-07i,-0.000618730367876868-6.49195527707141e-07i,7.12001186600267e-05+3.073166989984e-07i,0.00013747713437326+1.89996451342713e-07i,-0.00016480770659526-2.6774393215473e-07i,0.00016960332760446+1.70977994492234e-07i,-8.76108841056317e-05-2.34136304404354e-07i,-2.40403494758146e-06+2.02503583342301e-07i,8.52340548582806e-06-5.54004692926364e-08i,0.0131329110518812-0.00228349180120235i,-0.00172393270096034-0.0123122516329784i,-0.00811403668442029+0.000763346182648426i,0.000503699593772729+0.003753526673366i,0.00202715533805334-0.000475654154397634i,-0.000158658416446365-0.000894762341171511i,-0.00010655014483748-2.95597087708091e-06i,1.94190434411213e-05-0.000160202220426891i,-0.000229850097542776+3.66998680645077e-05i,5.87275381395614e-05+0.000253492526996969i,0.000121971756214517-5.21392841845206e-06i,-2.66441639068259e-06-2.29927289866744e-06i,4.25585970659198e-06+1.38381810968429e-05i,0.0131333233099798+0.00229166079516522i,-0.00173115322033556+0.0123121245117117i,-0.00811357767056184-0.000768762298653619i,0.000507677955797925-0.00375334398460167i,0.00202729221733773+0.000478782935902921i,-0.000160602609344735+0.00089485981087488i,-0.000106607165952231+1.44194661685676e-06i,2.06252585579275e-05+0.00016014468155297i,-0.000229912511052102-3.61100264290624e-05i,5.8309122763932e-05-0.000253678157693693i,0.000122196485051358+4.52672183866594e-06i,-2.17149582888317e-06+2.50712237331382e-06i,4.15843447312699e-06-1.37348396127525e-05i
0.00775925203971368-9.35031630126697e-07i,0.00734601614525945-8.048227654801e-07i,0.00496265494080943-5.57800775118186e-07i,0.00255865317440597-6.22707702877355e-07i,0.00143107468507211-4.45344557982803e-07i,0.000607458281212881+0i,0.000100743914555028+7.45898150907641e-08i,-7.95825319297473e-05-9.97317797406107e-08i,-0.000161957423608532-3.90794839222464e-08i,-0.00017357411231995+1.82550462252905e-08i,-8.17010753671261e-05-1.07372847802515e-07i,-1.27612081431764e-05-1.2233746802719e-07i,-2.92685199933566e-06-2.82842506877724e-08i,0.00449634217317326+1.25588998884731e-06i,-0.00409140172145072-1.510194583526e-06i,0.00272363554516161+1.03624994632703e-06i,-0.00118955073713518-4.21436791855483e-07i,0.000618823431131752+1.93492179938747e-07i,-0.000270107590575283-2.01438999442724e-07i,2.86858356753457e-05+7.20338626639406e-08i,5.86571441649055e-05+9.85360820370568e-08i,-7.12788936313361e-05-1.05825355741105e-07i,7.47159139729934e-05+7.18538831839164e-08i,-3.74565334666312e-05-9.78261880368111e-08i,-1.44088616000204e-06+8.12597340813784e-08i,3.21973536536275e-06-2.32113832016217e-08i,0.00574049313626761-0.000797711859848557i,-0.000558273319978504-0.00537895128810908i,-0.00355302177184391+0.000202719268410643i,0.000139721277172924+0.0016540925658799i,0.00089468783502817-0.000158737392679972i,-4.92871244862435e-05-0.000393427567969765i,-4.82167329999814e-05-5.26074903269261e-06i,9.50459670204328e-06-6.94148429575563e-05i,-0.000101485777065067+1.06742703845484e-05i,1.96706742514492e-05+0.000111432957148647i,5.36037658283862e-05+2.36444106587409e-07i,-3.44539729053457e-07-1.50442027285751e-06i,1.66195593367048e-06+5.59058667917202e-06i,0.00574192104105803+0.000802364287232004i,-0.000562359168286245+0.00538002087430328i,-0.00355349505616942-0.000205901159627135i,0.000142104073705526-0.00165442307193346i,0.000895024590846628+0.000160460365102034i,-5.02014686936688e-05+0.000393571202767811i,-4.82505615041197e-05+4.62035394836945e-06i,9.99113847737623e-06+6.93921197707661e-05i,-0.000101543031455158-1.04891271664469e-05i,1.95515971430187e-05-0.000111548637021096i,5.37043697461754e-05-4.96953313884506e-07i,-1.52774502165124e-07+1.58781621373612e-06i,1.61943413687143e-06-5.55229136472249e-06i
0.00119202905225122-7.65886508929446e-07i,0.00115431632328201-6.51516748885089e-07i,0.000806526093051793-5.49967490759395e-07i,0.000431813725936019-5.4295694597146e-07i,0.000236662814779589-3.52235107672731e-07i,0.000100743914555028-7.45898150907641e-08i,1.99329034807501e-05+0i,-1.28800481877234e-05-1.155340538399e-08i,-2.75143761682948e-05+3.48212746073953e-08i,-2.83386132006376e-05+4.28130047670989e-08i,-1.41814317808281e-05+2.04143436968942e-09i,-2.93924609231937e-06-7.14999359142558e-09i,-3.34991890941704e-07+7.76966837014422e-10i,0.000559997428847748+8.29944435011477e-07i,-0.000475819279905053-8.85609466067588e-07i,0.000303111379049874+4.47505014642795e-07i,-0.000127219655797682-8.28540652088309e-08i,7.13246895698537e-05+5.03028273601674e-08i,-2.87279286486986e-05-7.88602170393713e-08i,1.40147579877725e-06+2.21520817862367e-08i,5.81870895101944e-06+1.07274083606165e-08i,-7.5941933643278e-06-5.98879536112142e-09i,8.25373096171287e-06+1.15568836775479e-08i,-3.34248011937226e-06-1.34472731133423e-08i,-4.66239610430949e-07+8.15346862256561e-09i,3.38689822110222e-08-4.32427764463972e-09i,0.00073463667253495-2.75132171697801e-05i,3.01793545264646e-05-0.000691044019557552i,-0.000448999154006284-6.49927548430105e-05i,-3.59221552952696e-05+0.0001992975748942i,0.00010648703070694+2.84023295069206e-06i,5.21735778104629e-06-4.81954088928224e-05i,-4.65822740623683e-06-4.96449000733725e-06i,3.39234107932212e-06-9.46148672591157e-06i,-1.20448486509556e-05-2.04476642884638e-06i,-2.59369885509632e-07+1.36693527120157e-05i,6.59821196115517e-06+2.32357256059866e-06i,6.52737464073374e-07+2.67103174055842e-07i,3.99887075554443e-07+1.04328679102324e-06i,0.000735857823974549+3.18079890169043e-05i,2.63023163274395e-05+0.000692061668299262i,-0.000449542682426974+6.20113142124019e-05i,-3.3956905525913e-05-0.000199646569237237i,0.000106768149534702-1.63552897775496e-06i,4.68981299125668e-06+4.83057294575186e-05i,-4.67662725771595e-06+4.72495841545991e-06i,3.46807052630331e-06+9.44837791984839e-06i,-1.20704233833881e-05+1.97671655562168e-06i,-1.95238067686468e-07-1.37135658785224e-05i,6.62026961555805e-06-2.3289497766565e-06i,6.62036856771419e-07-2.48873176088388e-07i,3.85735214693159e-07-1.04641852461942e-06i
-0.00106107360881883+1.50159894321243e-06i,-0.00101670667021013+1.43199358561361e-06i,-0.000694490269986126+8.75160223424459e-07i,-0.00034045564294405+3.57161603441259e-07i,-0.000181222085268597+2.05510528092976e-07i,-7.95825319297473e-05+9.97317797406107e-08i,-1.28800481877234e-05+1.155340538399e-08i,1.32453552399198e-05+0i,2.11486573897816e-05-7.40348710800974e-09i,2.22153878674143e-05-2.26096581802118e-08i,1.13499746690338e-05-1.85297123331175e-10i,1.18072798637539e-06+1.52480089681102e-08i,-3.51351211297327e-07+4.61661854184782e-09i,-0.000911385060292666+1.22616291763129e-06i,0.00082780631985145-1.14639962947322e-06i,-0.000534358175850224+6.84377018323483e-07i,0.000245202272779866-2.35347841013947e-07i,-0.000137370995881835+1.31762822090246e-07i,5.86140859776214e-05-7.64678977249897e-08i,-5.80818589181527e-06+1.35115087352458e-08i,-9.80656234598309e-06-5.1740459225867e-09i,1.50481618778464e-05+6.73252059412847e-09i,-1.69103423644313e-05+5.51179418150299e-09i,7.45267364362449e-06+6.42520987114434e-09i,9.0980626510228e-09-1.65646582875146e-08i,4.39532525932423e-08+5.91843064347414e-09i,-0.000988771984562748-6.42322018824807e-05i,-8.4840457550829e-05+0.000924496287427125i,0.000616364139644199+7.40437757895299e-05i,4.40135447057758e-05-0.000294302180006544i,-0.000160160960847787-1.95651262043156e-05i,-9.56639742130806e-06+6.94004425631409e-05i,9.45723352326621e-06+3.40664999688125e-06i,-1.67185777709354e-06+1.15238525278716e-05i,1.81956664160109e-05+2.79237138571373e-06i,2.35737195790133e-06-1.96408678540753e-05i,-9.43829338262757e-06-1.83570673230405e-06i,-5.52382555868375e-07+6.12724414803168e-07i,-1.44609175759765e-07-2.31089291620522e-07i,-0.000988933541503568+6.87814907757932e-05i,-8.90622467779038e-05-0.000924621875409632i,0.000616418798704265-7.70144637140713e-05i,4.55838548339624e-05+0.00029433659347251i,-0.000160194599767318+2.04087052310846e-05i,-9.90351355559577e-06-6.94109743157287e-05i,9.45755077931688e-06-3.45104031510821e-06i,-1.76206915489134e-06-1.15207290754728e-05i,1.82026804245611e-05-2.92613489468631e-06i,2.47714512909714e-06+1.96542452166822e-05i,-9.44375673727721e-06+1.91429637490471e-06i,-5.87929497412173e-07-6.14325344569946e-07i,-1.42743455781605e-07+2.2303515285765e-07i
-0.00205258287028426+1.21725964144751e-06i,-0.00194688645648806+1.12832588508969e-06i,-0.00132077807214296+6.61378077190556e-07i,-0.000684131614041048+3.16874191371919e-07i,-0.000381717820351691+1.94751170445392e-07i,-0.000161957423608532+3.90794839222464e-08i,-2.75143761682948e-05-3.48212746073953e-08i,2.11486573897816e-05+7.40348710800974e-09i,4.3340008774036e-05+0i,4.61843891583203e-05-2.19554868475852e-08i,2.18966776849302e-05+2.00479299102005e-08i,3.57176374958612e-06+3.56378387480105e-08i,7.56830474147359e-07+8.83037275129339e-09i,-0.00118657898995534+4.16055750509972e-07i,0.00107450061407824-3.42639188037031e-07i,-0.000714075811598563+1.56860165089125e-07i,0.000313726206500293+1.44286576248927e-08i,-0.000164710851100211-2.35373328927319e-08i,7.12308023219826e-05+3.15679936873273e-08i,-7.57284379862921e-06-3.48946073464909e-08i,-1.50579486532335e-05-4.69799786466208e-09i,1.88528174357388e-05+2.13361234665573e-08i,-1.97797324404481e-05-8.75080737523234e-09i,9.74884014203521e-06+1.95445931700758e-08i,3.14433964690539e-07-2.61358552605787e-08i,-7.27807565667905e-07+9.31445569669482e-09i,-0.00149048116785069+0.000191113967028509i,0.000125374761698257+0.00139741965979161i,0.000920719155850696-3.6551685707185e-05i,-2.66115349859289e-05-0.000425608280448968i,-0.00022980617038276+3.65683139507892e-05i,1.06130831961954e-05+0.000101478329707647i,1.20469613487075e-05+2.06630087513891e-06i,-2.77982956759918e-06+1.82018515259375e-05i,2.60565494827918e-05-2.15073567612134e-06i,-4.54433048065154e-06-2.87492329069256e-05i,-1.38361151907735e-05-4.45028663408568e-07i,-2.93099826102608e-08+2.47825461069502e-07i,-4.89227914299375e-07-1.47880967907842e-06i,-0.00149121538868872-0.00018880727377719i,0.000123202134800768-0.00139805023910453i,0.00092107690905828+3.50858151651205e-05i,-2.59600859350619e-05+0.000425839673150736i,-0.000229985011383095-3.63088924838126e-05i,1.05813813910459e-05-0.000101553826242242i,1.20645331386181e-05-1.94470118129683e-06i,-2.945415907167e-06-1.81955179746227e-05i,2.60797333447191e-05+2.0158328491575e-06i,-4.42756885734205e-06+2.87896151188141e-05i,-1.38667143968588e-05+5.55105911033516e-07i,-9.06339319817944e-08-2.71909069822175e-07i,-4.76415572612164e-07+1.46638010178165e-06i
-0.00222268926283127+4.69668919334244e-07i,-0.00209794800430038+4.12633613639597e-07i,-0.0014114608100724+1.51463730442491e-07i,-0.000728790820874321+5.39363006456195e-08i,-0.000410259917227066+5.74726801632034e-08i,-0.00017357411231995-1.82550462252905e-08i,-2.83386132006376e-05-4.28130047670988e-08i,2.22153878674143e-05+2.26096581802118e-08i,4.61843891583203e-05+2.19554868475852e-08i,4.97756240638072e-05+0i,2.31147443535389e-05+3.62000227911593e-08i,3.61565292838391e-06+4.24879679491783e-08i,1.0093915852159e-06+9.82836979817024e-09i,-0.00124515838836658-3.4413827269574e-07i,0.00113847659406894+3.46151646113153e-07i,-0.000763261221823137-3.02848540373622e-07i,0.00033138677375955+2.50572190320271e-07i,-0.000169511562662135-1.5743610370266e-07i,7.46688286562275e-05+8.23504894900971e-08i,-8.23259621471106e-06-3.73917097259235e-08i,-1.69211314848809e-05-1.72777208497365e-08i,1.97813694221944e-05+4.07447512665772e-08i,-2.04618317152937e-05-2.79083177523369e-08i,1.05943873563678e-05+2.93740279051005e-08i,4.272217623861e-07-2.83290815330353e-08i,-1.09836579140326e-06+9.49589741465332e-09i,-0.00162557019163039+0.000280877057069775i,0.000212740448637236+0.00152311802361804i,0.00100620173161077-9.50100800295356e-05i,-6.2571767380398e-05-0.000468574508042061i,-0.000253467156748816+5.86148087545661e-05i,1.96144761050354e-05+0.000111434703768787i,1.36747131499542e-05+2.81327236598645e-07i,-2.34318217866734e-06+1.96475234368975e-05i,2.87515591859117e-05-4.54800801576289e-06i,-7.22985628597822e-06-3.15620241121884e-05i,-1.5181173789617e-05+6.74140359296046e-07i,3.37811582173682e-07+4.31677181627721e-07i,-4.68117985091695e-07-1.68826574640785e-06i,-0.00162655273841943-0.000279681180696807i,0.000211612522759778-0.00152401201031889i,0.00100675527688988+9.41976188830803e-05i,-6.2185751279768e-05+0.000468924207386916i,-0.000253709301102768-5.84949182649379e-05i,1.96441927041671e-05-0.000111537905584427i,1.36986601174537e-05-1.59929730788889e-07i,-2.49851800563597e-06-1.96469977695998e-05i,2.87854846052617e-05+4.42333490973208e-06i,-7.12962593072001e-06+3.16134325992493e-05i,-1.52202954869051e-05-5.6760843755327e-07i,2.68491587717835e-07-4.59795517455379e-07i,-4.54906865865259e-07+1.67237065353671e-06i
-0.00103238516832713+1.62166753604973e-06i,-0.000986979579103732+1.5019508831223e-06i,-0.000674542020504116+9.08638523550097e-07i,-0.000346893499796205+4.70559014862542e-07i,-0.000190586295737403+2.98470978148354e-07i,-8.17010753671261e-05+1.07372847802515e-07i,-1.41814317808281e-05-2.04143436968942e-09i,1.13499746690338e-05+1.85297123331175e-10i,2.18966776849302e-05-2.00479299102005e-08i,2.31147443535389e-05-3.62000227911593e-08i,1.12992097452229e-05+0i,1.77266494419881e-06+1.53826291090735e-08i,1.70796830577607e-07+2.22749884495837e-09i,-0.000632623398154308-1.59890163518053e-07i,0.000566996127618223+1.48465331744101e-07i,-0.000369425628664904-1.16017351376328e-07i,0.000161750728219063+1.73097061644385e-07i,-8.75367316806312e-05-1.31842617552354e-07i,3.74234219637277e-05+5.35848849754094e-08i,-3.33277866079274e-06-2.11764773762003e-08i,-7.45686832086182e-06-1.20847329552739e-09i,9.74610436728244e-06+2.4552877101087e-08i,-1.0589582864439e-05-2.02654816088822e-08i,4.87633918886772e-06+1.47786497672146e-08i,2.56341905519168e-07-1.66388009728548e-08i,-2.19100409278609e-07+7.72538867449452e-09i,-0.000781280491310735+4.37818078462649e-05i,9.26989416025464e-06+0.000732037817308004i,0.000483767197502182+1.97836765280648e-05i,9.87240368563754e-06-0.000225394929745405i,-0.000121910469235727+5.08275054800176e-06i,-2.94237809444705e-07+5.35849453610516e-05i,6.59795832536912e-06+2.33893926381694e-06i,-1.83177752188534e-06+9.44212516157248e-06i,1.38319755021615e-05+4.5287597926347e-07i,-6.63647297496605e-07-1.51742447853104e-05i,-7.30365401471167e-06-1.00920613620435e-06i,-2.64956085145069e-07+2.1542101427373e-07i,-2.24201159098899e-07-6.70713242328476e-07i,-0.000782935701000172-4.15312708998072e-05i,7.16989215687372e-06-0.000733496453641367i,0.000484622277927911-2.12347755473889e-05i,1.05922076421637e-05+0.00022593156118261i,-0.000122294430008819-4.72915783058714e-06i,-4.08180308924548e-07-5.37342013897274e-05i,6.62062193821308e-06-2.30692110311248e-06i,-1.91916164508675e-06-9.43810503231218e-06i,1.38725571251216e-05-5.42244605365059e-07i,-5.83826712512829e-07+1.52308642430785e-05i,-7.32811552564604e-06+1.07378018472121e-06i,-2.97799906278928e-07-2.29110471105402e-07i,-2.13569518887327e-07+6.64003050178651e-07i
-0.000133825114471615+1.66680837344832e-06i,-0.000131019622060011+1.55629633097709e-06i,-9.38257489408004e-05+1.00059151219409e-06i,-5.48052671946899e-05+5.36810140825781e-07i,-3.08401841196218e-05+3.20430860410749e-07i,-1.27612081431764e-05+1.2233746802719e-07i,-2.93924609231937e-06+7.14999359142558e-09i,1.18072798637539e-06-1.52480089681102e-08i,3.57176374958612e-06-3.56378387480105e-08i,3.61565292838391e-06-4.24879679491783e-08i,1.77266494419881e-06-1.53826291090735e-08i,5.38543676243759e-07+0i,1.33720247118372e-07-1.3058448476194e-09i,-3.91827474362175e-06+1.10419263232652e-08i,-4.23816589778968e-06-5.7800124854802e-09i,3.55547982360228e-06+1.32858167372107e-08i,-4.35942078038961e-06+7.58428417725309e-08i,2.44464212727498e-06-7.7961760827517e-08i,-1.45846304137996e-06+3.48545349883629e-08i,4.70266855242378e-07-1.92002302128559e-08i,7.64652976698939e-09+1.31873364245256e-08i,-3.16731930752684e-07+4.35559886400676e-09i,4.309587113888e-07-6.19291387368001e-09i,-2.57161669717149e-07+1.11392725771778e-09i,1.04413447174207e-07-4.59085940244438e-09i,-1.39819780858891e-08+3.68074360642717e-09i,-3.31843758481938e-05+1.79211409773156e-05i,6.96482260410108e-06+3.20907676777459e-05i,1.85587162053921e-05+3.50329008809746e-06i,1.48952501170443e-06-5.109706786484e-06i,-2.26396189623701e-06+2.56873240071476e-06i,3.05252486504747e-07+1.49306653502168e-06i,-2.64930180904909e-07+6.60719990497701e-07i,-5.51808332475792e-07+6.15475597857035e-07i,2.46699550418466e-07+3.76620061706849e-08i,-3.27366239395216e-07-4.27926890895316e-07i,-2.16232006211743e-07-2.67648097034356e-07i,-7.0430234316304e-08-1.58098080613407e-07i,-7.91381340474976e-08-2.17935221619636e-07i,-3.45481645832513e-05-1.61664666052957e-05i,5.32524829182443e-06-3.32592654407242e-05i,1.92161618144401e-05-4.58934874623197e-06i,1.9977325149449e-06+5.52562565789048e-06i,-2.57420981823217e-06-2.30504318936518e-06i,2.07937647885679e-07-1.61053412023322e-06i,-2.5051917517708e-07-6.51428139182114e-07i,-5.88995490906477e-07-6.10442016268636e-07i,2.74899360102425e-07-7.93864172880706e-08i,-2.8288332465421e-07+4.66828750352061e-07i,-2.28550802124061e-07+2.94399307898002e-07i,-7.63885433226571e-08+1.51187503012655e-07i,-7.13860046902404e-08+2.17667361529564e-07i
-3.30268485390834e-05+4.33078283494982e-07i,-2.57738347942984e-05+4.03317743918379e-07i,-1.34300233084458e-05+2.61621081581718e-07i,-1.04663746427929e-05+1.41236196681756e-07i,-8.69239837535815e-06+8.19779376957279e-08i,-2.92685199933566e-06+2.82842506877724e-08i,-3.34991890941704e-07-7.76966837014422e-10i,-3.51351211297327e-07-4.6166185418478e-09i,7.56830474147359e-07-8.83037275129339e-09i,1.0093915852159e-06-9.82836979817027e-09i,1.70796830577607e-07-2.22749884495837e-09i,1.33720247118372e-07+1.3058448476194e-09i,2.23952527078487e-07+0i,4.58016401563224e-05+2.57828183958386e-08i,-3.84525766193124e-05-1.97775872092581e-08i,1.97776338095205e-05+1.49175124779818e-08i,-1.0807877363825e-05+1.30047004385782e-08i,8.53403442480643e-06-1.77235216703068e-08i,-3.22535637480993e-06+1.06329104733477e-08i,3.59266398094079e-08-7.32588507748935e-09i,-4.47039148639365e-08+4.81980424213353e-09i,-7.27994510232527e-07-1.8105953578853e-10i,1.09876712340374e-06-4.31464243797564e-10i,-2.1869727222406e-07-3.93363193574557e-10i,1.35414366758221e-08-5.25043520297929e-10i,-1.70880785218277e-07+4.76111590786703e-10i,1.92973110615821e-05+5.70668386174499e-05i,5.46998260192202e-05-1.76633860385868e-05i,-1.28090668185196e-05-3.59368794439365e-05i,-2.21015079556345e-05+7.46786735785425e-06i,4.24681495032579e-06+1.38138798899373e-05i,5.58045433266112e-06-1.65687008092814e-06i,-3.96087366937314e-07-1.0410116718575e-06i,2.32446312452917e-07-1.43371168292432e-07i,-4.86699399377181e-07-1.47761375544085e-06i,-1.68610723409675e-06+4.66533462900837e-07i,2.2172907571224e-07+6.70908824570425e-07i,2.18660008704189e-07-7.74121661838445e-08i,-2.39209909879576e-08-1.45183887058737e-07i,1.89590292466947e-05-5.66727609025346e-05i,5.4329094884062e-05+1.73755870669201e-05i,-1.26468631751858e-05+3.56996073708225e-05i,-2.1999784319882e-05-7.36406045995353e-06i,4.16903294308098e-06-1.37639014925886e-05i,5.56524718648562e-06+1.62679492218806e-06i,-3.92151565929332e-07+1.04985098555371e-06i,2.20311127050003e-07+1.43833257173988e-07i,-4.79306388375037e-07+1.46679016356464e-06i,-1.67429141287525e-06-4.56524805718751e-07i,2.16888280235761e-07-6.6304453890385e-07i,2.16364267022603e-07+7.38562461046228e-08i,-2.15227802873346e-08+1.44737555257885e-07i
0.0698328149753591-2.644911671769e-06i,0.064668912718743-2.10623500441592e-06i,0.0434044731577512-1.71586884898773e-06i,0.0195999468803802-3.48926092849957e-06i,0.0102326802176069-3.38046704433387e-06i,0.00449634217317326-1.25588998884731e-06i,0.000559997428847748-8.29944435011477e-07i,-0.000911385060292666-1.22616291763129e-06i,-0.00118657898995534-4.16055750509972e-07i,-0.00124515838836658+3.4413827269574e-07i,-0.000632623398154308+1.59890163518053e-07i,-3.91827474362175e-06-1.10419263232652e-08i,4.58016401563224e-05-2.57828183958386e-08i,0.102718853932869+0i,-0.096486618759862-1.24588445773491e-07i,0.0645428221695487-5.57578663910209e-07i,-0.032591507711556+1.39352170277058e-06i,0.0182548825279213-1.5825140051751e-06i,-0.00775941134927205+1.07641119983517e-06i,0.00119230592075211-1.46095775562367e-06i,0.00106078189587202+1.83143384850056e-06i,-0.00205241007670597-1.17093692490455e-06i,0.00222260638298114+6.60631612077701e-07i,-0.0010322357603712-8.11302249589311e-07i,0.000133686687988603+6.73805636072523e-07i,-3.29891277591339e-05-2.25222785111481e-07i,0.0829722256434637+0.0106340539189354i,0.00845235144854261-0.0776781056949846i,-0.0514960468030905-0.00417388604747074i,-0.00269925749481651+0.0242170389296744i,0.0131321651061926+0.0022914931098165i,0.000802428021002114-0.00574108262900243i,-0.000735335769817717-3.18546877063637e-05i,-6.85818457103046e-05-0.000988970208644222i,-0.00149088584080183-0.000188971049786023i,-0.000279860875429742+0.00162608052683635i,0.000782411117590813+4.20277575446699e-05i,1.6648156630179e-05-3.42073360372069e-05i,1.90189154978651e-05-5.68380024294569e-05i,0.082978410470247-0.0106265970707179i,0.00844643058919939+0.0776857014198019i,-0.051502511780319+0.00416801602164978i,-0.00269130938181165-0.0242217689885137i,0.0131349315276935-0.00228393781983134i,0.000797886280042459+0.00574203913223141i,-0.000735673462323647+2.77463529709034e-05i,-6.4663954537963e-05+0.000988550895905197i,-0.00149088506104679+0.000190871596552635i,-0.000280608988030437-0.0016262433919516i,0.000782076096733284-4.30689416866636e-05i,1.72994239408535e-05+3.37319034127129e-05i,1.9181318220583e-05+5.68946970819807e-05i
-0.0646690214547165+6.0427281984191e-06i,-0.059517348321884+5.34285120231359e-06i,-0.0396607786026495+3.92839564529265e-06i,-0.0177736462159134+4.58936747544378e-06i,-0.00934736419242675+3.91941541748051e-06i,-0.00409140172145072+1.510194583526e-06i,-0.000475819279905053+8.85609466067588e-07i,0.00082780631985145+1.14639962947322e-06i,0.00107450061407824+3.42639188037031e-07i,0.00113847659406894-3.46151646113153e-07i,0.000566996127618223-1.48465331744101e-07i,-4.23816589778968e-06+5.7800124854802e-09i,-3.84525766193124e-05+1.97775872092581e-08i,-0.096486618759862+1.24588445773491e-07i,0.0910055636624472+0i,-0.06113362259916+6.71597327390975e-07i,0.0309202470185099-1.23078215537616e-06i,-0.0172261539745847+1.36591797332653e-06i,0.00734616262714293-1.00786229423474e-06i,-0.00115457926293902+1.4250121199833e-06i,-0.00101642830886706-1.73648333962838e-06i,0.00194671470423611+1.11644293332464e-06i,-0.00209787165615822-6.42543428056715e-07i,0.000986853566807633+7.53138960813478e-07i,-0.000130896099109134-6.01599612899636e-07i,2.57359768928504e-05+1.92105223307608e-07i,-0.0776774870212322-0.00845132356808313i,-0.0061725968863918+0.0727157306692262i,0.0482223407996541+0.00252723088498552i,0.00169924339433402-0.0226979107116288i,-0.0123109852590819-0.00173095513678126i,-0.000562411358787979+0.00537924134084262i,0.000691607369376572-2.62467618870915e-05i,8.8877549432926e-05+0.000924666344327793i,0.00139774927555108+0.00012335380259968i,0.000211781070039017-0.0015235630847093i,-0.000733035226718434-7.64853650865185e-06i,-5.78602443772882e-06+3.29818728417648e-05i,-1.74189460084472e-05+5.44821377398766e-05i,-0.0776860952726853+0.00844706631385669i,-0.00616962152748649-0.0727252261781916i,0.0482297983561453-0.00252344680140299i,0.00169265763295016+0.0227032794186299i,-0.0123142444253408+0.00172441539998079i,-0.000558438655660404-0.00538037988772991i,0.000691935259004304+2.99991286508776e-05i,8.52153470015978e-05-0.000924307748447872i,0.00139781702391136-0.000125172817245915i,0.000212503275673304+0.00152378012253026i,-0.000732754082820138+8.59514796389324e-06i,-6.37944021625067e-06-3.25506871788072e-05i,-1.75715293533695e-05-5.45454328105569e-05i
0.0434044611628227-6.62084826871634e-06i,0.0396607123226164-5.93411594408758e-06i,0.0262574472473966-4.18564069110161e-06i,0.0117871439267324-3.99984724988178e-06i,0.00628338762172622-3.10404729029161e-06i,0.00272363554516161-1.03624994632703e-06i,0.000303111379049874-4.47505014642795e-07i,-0.000534358175850224-6.84377018323483e-07i,-0.000714075811598563-1.56860165089125e-07i,-0.000763261221823137+3.02848540373622e-07i,-0.000369425628664904+1.16017351376328e-07i,3.55547982360228e-06-1.32858167372107e-08i,1.97776338095205e-05-1.49175124779818e-08i,0.0645428221695487+5.57578663910209e-07i,-0.06113362259916-6.71597327390975e-07i,0.041325641812514+0i,-0.0209747025960662+4.15278422924436e-07i,0.0116098293765141-5.16901771418526e-07i,-0.00496272313449192+3.69052896814268e-07i,0.000806680292426788-7.58633542596257e-07i,0.00069432123986301+1.06639586810852e-06i,-0.00132067272060992-7.18790012425002e-07i,0.00141142305089698+4.13611304359942e-07i,-0.00067447615495445-4.79736212391359e-07i,9.37498959654147e-05+3.87293961818558e-07i,-1.34018973727582e-05-1.23623516617837e-07i,0.0514945954387174+0.00417283886964707i,0.00252685512599605-0.0482213752648539i,-0.031932938696174-0.000492981969639174i,-0.000413004140922132+0.0149717030727912i,0.00811267254540686+0.000768707752947774i,0.000205978353365691-0.0035529425902517i,-0.000449258005224939+6.19499274084709e-05i,-7.6907123446663e-05-0.000616473651398653i,-0.000920891556732259-3.51812515379952e-05i,-9.43156187447601e-05+0.00100645486565794i,0.000484344344397073-2.09085481858061e-05i,-4.28132760012202e-06-1.90584165432766e-05i,1.26746930472723e-05-3.57993841459389e-05i,0.0515032775366163-0.00416877195553478i,0.00252378360486317+0.0482302580562878i,-0.0319394629919259+0.000489262374970529i,-0.000407523978092838-0.0149763459213417i,0.00811562123418344-0.000763566531483969i,0.000202758974827586+0.00355402240651867i,-0.0004495425123059-6.49322861952961e-05i,-7.42436880880502e-05+0.000616225272228474i,-0.000920983964525864+3.64484710456969e-05i,-9.48602121533008e-05-0.00100666389202456i,0.000484212390156588+2.02332644968635e-05i,-3.88956170082036e-06+1.88289313355307e-05i,1.27489971534784e-05+3.5838555851019e-05i
-0.0195997684075792+3.47856672650245e-06i,-0.017773472980608+2.9746931398277e-06i,-0.0117870625982216+2.08154170939399e-06i,-0.00520962097838877+2.12208766531635e-06i,-0.00275238120037777+1.61538986423955e-06i,-0.00118955073713518+4.21436791855483e-07i,-0.000127219655797682+8.28540652088309e-08i,0.000245202272779866+2.35347841013947e-07i,0.000313726206500293-1.44286576248927e-08i,0.00033138677375955-2.50572190320271e-07i,0.000161750728219063-1.73097061644385e-07i,-4.35942078038961e-06-7.58428417725309e-08i,-1.0807877363825e-05-1.30047004385782e-08i,-0.032591507711556-1.39352170277058e-06i,0.0309202470185099+1.23078215537616e-06i,-0.0209747025960662-4.15278422924436e-07i,0.0108148898656532+0i,-0.00601761683586563-1.28974696637703e-08i,0.00255869055756336+4.52388024155054e-08i,-0.000431906632566543+2.23295910472005e-07i,-0.000340355470868794-4.13436127800102e-07i,0.000684066043132991+2.85998487868601e-07i,-0.0007287587629951-1.61349469382995e-07i,0.000346843440252721+1.8405484885164e-07i,-5.47529764294726e-05-1.64839647057234e-07i,1.04469503672358e-05+6.55638704751736e-08i,-0.0242157324527934-0.00269842942939416i,-0.0016987694387904+0.0226969162786866i,0.0149714797913234+0.000412849092795955i,0.000320037111853204-0.0069436596739153i,-0.00375263928500975-0.000507668567378515i,-0.000142131060165177+0.00165401671073173i,0.000199451181409907-3.39478093621175e-05i,4.55065219798511e-05+0.000294372780613987i,0.000425725690929534+2.60336537483751e-05i,6.22770405872375e-05-0.00046874581401151i,-0.000225761464652004+1.03849494537192e-05i,1.8080839643301e-06+5.41846121851785e-06i,-7.38841036198609e-06+2.20614681914336e-05i,-0.0242223330871698+0.00269204591733454i,-0.00169316307737259-0.0227036553426819i,0.0149763766239133-0.000407717641516153i,0.00031518792638227+0.00694704966068668i,-0.0037547767475995+0.000503817463518401i,-0.000139779409301858-0.00165483852446699i,0.000199676104368722+3.58528429236919e-05i,4.41440597394568e-05-0.000294210569300933i,0.000425775748443054-2.65296287608865e-05i,6.24525267744543e-05+0.000468853202191333i,-0.000225667881556132-1.01624318383713e-05i,1.7337248677978e-06-5.28934281664086e-06i,-7.42162481769527e-06-2.2037119980673e-05i
0.0102323054345326-9.05154414003436e-07i,0.00934702351401258-5.9635010594755e-07i,0.00628318549340036-4.94453124313814e-07i,0.00275228797784171-9.57921125266953e-07i,0.00141269583123115-8.1475576066863e-07i,0.000618823431131752-1.93492179938747e-07i,7.13246895698537e-05-5.03028273601674e-08i,-0.000137370995881835-1.31762822090246e-07i,-0.000164710851100211+2.35373328927319e-08i,-0.000169511562662135+1.5743610370266e-07i,-8.75367316806312e-05+1.31842617552354e-07i,2.44464212727498e-06+7.7961760827517e-08i,8.53403442480643e-06+1.77235216703068e-08i,0.0182548825279213+1.5825140051751e-06i,-0.0172261539745847-1.36591797332653e-06i,0.0116098293765141+5.16901771418526e-07i,-0.00601761683586563+1.28974696637703e-08i,0.00338922176123885+0i,-0.00143111149982197-3.19490086150983e-08i,0.000236725677486074-1.38754079326907e-07i,0.000181155655195244+2.26599291600936e-07i,-0.000381675547453991-1.43672808748413e-07i,0.000410235371486689+8.60667631875854e-08i,-0.000190545985231073-9.38666527342803e-08i,3.08034479479171e-05+8.5247630934644e-08i,-8.68120758781387e-06-4.02500193792824e-08i,0.0131311773547134+0.00229154944827677i,0.00173118303893898-0.0123101859712866i,-0.00811245433895139-0.000768963129822607i,-0.000507884414294909+0.00375261217588672i,0.00202677540922266+0.000478751256326559i,0.000160453645173732-0.00089472849227549i,-0.000106625066286453+1.64653801472814e-06i,-2.03526722212335e-05-0.000160207446696182i,-0.000229899053514134-3.6359466095466e-05i,-5.85532665642031e-05+0.000253590617521767i,0.000122172845559214+4.85599934279021e-06i,2.42203336029609e-06-2.49136685871144e-06i,4.18832092939443e-06-1.38030732086371e-05i,0.0131352947420794-0.00228411500063524i,0.00172446876591937+0.0123145062646068i,-0.00811564088989403+0.000763506963326656i,-0.000503707306425017-0.00375476592770053i,0.00202809290605182-0.000475782149744517i,0.000158818579732202+0.000895241295311834i,-0.000106771046081696-2.76578596208158e-06i,-1.96663390486396e-05+0.000160106702505146i,-0.00022992860875012+3.65035403002434e-05i,-5.85341784973352e-05-0.000253650186499654i,0.000122100370235678-4.90041179251015e-06i,2.41421028906523e-06+2.39808851249961e-06i,4.21184939614094e-06+1.37713610784943e-05i
