0.186103468933588+0i,0.100636097883365+7.25533240692311e-10i,0.0384910894140619-3.00081105886909e-09i,0.0118977548154486+9.01115266002708e-09i,0.0038250235639711+2.92634389324243e-08i,-0.000491495450763564-1.66711288030908e-08i,-0.000391501383803151-1.67512738643063e-10i,-0.000473872148792097+4.1398874001755e-09i,-0.000559049553471155+2.03551884322966e-08i,-6.8052621985467e-05+4.84320726505455e-09i,7.393514938312e-05-2.41012542775955e-09i,7.3176005773139e-05-1.17693810832612e-09i,9.3725503724841e-05-1.85292793680293e-08i,0.0844274703840896-5.40223089798027e-09i,-0.0446142759317216+1.62889591265413e-08i,0.0189847591809913-9.96776639861855e-09i,-0.00422110622700017+2.61674628910891e-08i,0.00108898727424445-2.20485447934492e-09i,0.000397443029556592-1.5315641200437e-08i,-0.000309097063889363-4.89932436524609e-09i,0.000159731482072908+3.05788957187491e-08i,-9.87699014225836e-05+3.37918220595628e-08i,-1.98617914377272e-05-2.10250150394828e-08i,4.49579376102084e-05+4.7753713457151e-10i,-3.08536369192139e-05-1.27243887508158e-08i,2.52539480348818e-05-1.87776546303533e-08i,0.116355065991102-0.0462668124419966i,-0.0236178669432075-0.0635165290919422i,-0.02440744403092+0.00773525870897895i,0.00311423835771176+0.00620352480075088i,0.00177925738735255-0.00114905557694129i,-6.29983223414747e-06+0.000487995430856673i,0.00034511244231713+4.91198704464588e-05i,-0.000103994917827555-0.000169182701753069i,-0.000237225564316328+0.000192320882613498i,4.17079804310723e-05+1.601875586694e-05i,-7.24370808238728e-05-2.74908635006428e-06i,8.38270144086288e-06+2.75482364351207e-05i,5.12277815718431e-05-2.58123169798547e-05i,0.116355050631578+0.0462667986294087i,-0.0236178547912418+0.0635165464483717i,-0.0244074630037433-0.00773524594603869i,0.00311422561830233-0.00620356856529352i,0.00177929262873124+0.0011490408489194i,-6.31597356586986e-06-0.000488023687600631i,0.00034511399873401-4.90929994128341e-05i,-0.000104011455328374+0.000169157447692662i,-0.000237242809242567-0.000192371598540232i,4.17041647536007e-05-1.60390718108008e-05i,-7.24424415461892e-05+2.72857872173765e-06i,8.38406994680689e-06-2.75461926527549e-05i,5.12261429298217e-05+2.58460961200117e-05i
0.100636097883365-7.25533240692311e-10i,0.054866472998212+0i,0.021043322035459-4.0667412820573e-10i,0.00650297636396741+4.65484817427351e-09i,0.00208425654470526+1.57513627291069e-08i,-0.000278400906488321-8.55896249716001e-09i,-0.00023095939437305-3.56253264602314e-10i,-0.000262050163824617+2.06208815855307e-09i,-0.000305856168409695+1.17257892090832e-08i,-3.66332852412671e-05+2.70751818704027e-09i,4.4020389631306e-05-1.26957019419688e-09i,4.13993803450466e-05-3.94346624111959e-10i,5.19655517995093e-05-1.04876953007566e-08i,0.0446142787385963+4.97264655244001e-09i,-0.0231884851456234+5.13369323731532e-09i,0.00980337329203256-3.17825217726333e-09i,-0.00211076588606644+1.34624203343452e-08i,0.000535583964437862-5.73091083980626e-10i,0.000204867802297955-8.7268591262832e-09i,-0.000148302946759595-2.76788166594484e-09i,7.21721164627463e-05+1.61063457113771e-08i,-4.47214331608883e-05+1.87400326766759e-08i,-1.08141572041011e-05-1.11194130361665e-08i,2.11889109626476e-05+4.13850749794414e-10i,-1.3542780253004e-05-6.82487726686995e-09i,1.18372046083717e-05-1.08702400628902e-08i,0.0635165419518289-0.0236178796038232i,-0.0116150348856498-0.0346347581615607i,-0.0133318525903815+0.00367996128121275i,0.00150001375850063+0.00341011400118916i,0.000982030242958509-0.000563952083325608i,-1.48923065334672e-05+0.000262896366053693i,0.000186679727580248+4.54277191643611e-05i,-4.38895259755496e-05-9.56965999215039e-05i,-0.000131009296004948+9.40848145581522e-05i,2.16170968650102e-05+8.87314914450723e-06i,-3.87904101824326e-05-5.19164761801144e-06i,1.63785167489764e-06+1.55726104758803e-05i,2.79712480521723e-05-1.19348433322703e-05i,0.0635165409913647+0.0236178508117465i,-0.0116150177229726+0.0346347702115536i,-0.0133318632671222-0.00367994996654499i,0.00150000538214082-0.0034101376740661i,0.000982049279321636+0.000563943994135085i,-1.49017507469128e-05-0.000262911233342466i,0.000186680604851347-4.54124240065332e-05i,-4.38979509679031e-05+9.56828494859874e-05i,-0.00013101871824202-9.41120728135583e-05i,2.16150707108765e-05-8.88436548157576e-06i,-3.87934503976183e-05+5.17986900926855e-06i,1.63844172276711e-06-1.55714905436265e-05i,2.79702328459009e-05+1.19525344531708e-05i
0.0384910894140619+3.00081105886909e-09i,0.021043322035459+4.0667412820573e-10i,0.00813274098448123+0i,0.00250660829784802+1.32294215778715e-09i,0.000800947927725763+5.80458519158639e-09i,-0.000108717743050871-2.7609867860108e-09i,-9.35154646890402e-05-4.7796368470335e-12i,-0.000103689701691687+4.20836643841956e-10i,-0.000116779818636655+5.19277288279577e-09i,-1.34312103218665e-05+1.51741423200677e-09i,1.73165897447454e-05-7.06390880432002e-10i,1.67274770176109e-05-1.5324093038214e-10i,1.98973790267586e-05-4.4652223510403e-09i,0.0189847672773551-1.2922647554188e-10i,-0.00980337681559723+2.27318721900229e-09i,0.00409061265464934-6.29316217367501e-10i,-0.000934465169382787+4.73789854076003e-09i,0.000250703046341732+2.79574928801577e-10i,7.78751153169904e-05-3.37317653336671e-09i,-5.5126869803345e-05-1.03917467166007e-09i,3.32005397943468e-05+6.09926534003214e-09i,-2.39313706557885e-05+7.47173236851749e-09i,-2.96088862896446e-06-4.47659001960545e-09i,7.65168397335589e-06+1.6903351636767e-10i,-5.82071269706281e-06-2.53747250527388e-09i,5.33293389329525e-06-4.63525563316436e-09i,0.0244074647001885-0.00773526374000378i,-0.00367996089766399-0.0133318619058763i,-0.0051137598125143+0.00112963980485333i,0.000466296708038117+0.00129229649127543i,0.000369077496928297-0.000178398455532276i,-8.16501793987558e-06+0.000103602454474317i,7.2618657429335e-05+2.06597777839651e-05i,-1.17835600779208e-05-3.42735772891888e-05i,-4.92378519674646e-05+2.97186957063882e-05i,7.20693388697646e-06+3.23320782883e-06i,-1.53721271989359e-05-2.76363642842045e-06i,-1.99399994353051e-07+5.54029964462799e-06i,1.07749624264938e-05-3.56345953553274e-06i,0.0244074517349156+0.00773523828998213i,-0.00367994695461035+0.0133318583482865i,-0.00511376090067658-0.00112963226607475i,0.000466292077272052-0.00129230393551212i,0.000369083983336692+0.000178395131005359i,-8.16915998181784e-06-0.000103607547840393i,7.26191498670594e-05-2.06537549755145e-05i,-1.17872180464002e-05+3.42688123804561e-05i,-4.92410120759561e-05-2.972854196508e-05i,7.20541061719509e-06-3.23734054978742e-06i,-1.53731415900677e-05+2.75913853217384e-06i,-1.99362946966923e-07-5.54004715278315e-06i,1.07745957445157e-05+3.56969075903494e-06i
0.0118977548154486-9.01115266002708e-09i,0.00650297636396741-4.65484817427351e-09i,0.00250660829784802-1.32294215778715e-09i,0.000802926498827064+0i,0.000261408097440948+1.81502734624304e-09i,-2.97449944822133e-05-8.40474234478112e-10i,-2.69270702202286e-05-1.56554855575941e-10i,-3.47668877816078e-05-2.07124792978618e-11i,-3.87203141939173e-05+1.42913552156925e-09i,-4.83892623644589e-06+6.45679534175229e-10i,4.86691363882138e-06-5.67697864307099e-11i,5.58834856028529e-06-8.57296692371773e-11i,6.35107082627758e-06-1.35270904137632e-09i,0.00422109949011431+1.41131286157243e-08i,-0.0021107626595211-5.76385508436424e-09i,0.000934463680435973+2.01661296723073e-09i,-0.000189839006180147+7.52179383816264e-10i,4.62197510518447e-05+3.47247991722727e-10i,1.85707804096535e-05-1.34695648286108e-09i,-1.32665662930702e-05-6.29057779184864e-10i,7.6355071038213e-06+2.4250274500852e-09i,-2.43950496397174e-06+2.22973706132206e-09i,-1.74635530761579e-06-1.56945060057946e-09i,1.33962997887278e-06+1.18025309232789e-10i,-1.41596476981853e-06-9.11320967715529e-10i,7.23008787256542e-07-1.28897436335261e-09i,0.00620353073092579-0.00311424637743065i,-0.00150001715100875-0.00341011520734394i,-0.00129229546698461+0.000466298030915521i,0.000191791346344248+0.00031247263180784i,8.65105308471206e-05-7.2884341935969e-05i,-2.90378443594831e-06+2.86335089177028e-05i,1.93604898378737e-05+7.49342484469955e-06i,-5.13196611045296e-06-6.47955446882827e-06i,-1.1534735539193e-05+1.21437858528997e-05i,2.94373797980805e-06+6.89913199490026e-07i,-4.35515205377396e-06-9.65935147948893e-07i,4.8252906548798e-08+1.01957956484045e-06i,2.7586782843763e-06-1.47471582390616e-06i,0.0062035585362555+0.00311422467381667i,-0.00150000554931433+0.00341013287503661i,-0.00129230265484576-0.000466292339320949i,0.000191788370937757-0.000312478114515774i,8.65139392885723e-05+7.28831466477253e-05i,-2.90520671595403e-06-2.86354082825507e-05i,1.93606026244275e-05-7.49143610577676e-06i,-5.13338377761311e-06+6.47784184761682e-06i,-1.15360525656438e-05-1.21462591765278e-05i,2.94279935072767e-06-6.91273486098564e-07i,-4.355542241319e-06+9.64466188608227e-07i,4.8381339966436e-08-1.01930712280289e-06i,2.75853689738452e-06+1.47619626754886e-06i
0.0038250235639711-2.92634389324243e-08i,0.00208425654470526-1.57513627291069e-08i,0.000800947927725763-5.80458519158639e-09i,0.000261408097440948-1.81502734624304e-09i,8.60995313383733e-05+0i,-8.71571383069906e-06-2.16007969543609e-10i,-8.07606134359006e-06-2.23341154700136e-11i,-1.15042725250198e-05+5.15905051269363e-11i,-1.28092856937415e-05+5.12207768622034e-10i,-1.69123883855591e-06+2.42641215018256e-10i,1.42334715513585e-06-4.99635092168695e-12i,1.84010570830656e-06-4.99782137908934e-11i,2.05377397619242e-06-4.35930094410934e-10i,0.00108897962623106+3.63555542490651e-09i,-0.000535579899728527-1.5487175719624e-09i,0.000250701445708914+1.15740939954717e-10i,-4.62194112007071e-05+1.9922097175163e-10i,1.00754650331134e-05+1.41427065831051e-10i,5.30575234042848e-06-4.77835224786471e-10i,-3.96551320099571e-06-2.27555489935685e-10i,2.12808827387506e-06+8.5744697119864e-10i,-5.5632711672727e-08+6.82205912924952e-10i,-7.00535840583228e-07-5.31719328401716e-10i,3.46045732271897e-07+4.76520373899848e-11i,-4.2038939211721e-07-3.09992114346387e-10i,9.61595961840418e-08-3.78385840306752e-10i,0.00177925710948728-0.0011490616598534i,-0.000563955325186833-0.000982029847156804i,-0.00036907704256765+0.000178399699199737i,7.28846881393178e-05+8.65105008889978e-05i,2.33580261951921e-05-2.74453186758924e-05i,-8.02857932474516e-07+8.65458171649307e-06i,5.70380118095811e-06+2.2660774845157e-06i,-2.11705851888557e-06-1.4275613172047e-06i,-3.1162760816825e-06+4.56734119481313e-06i,1.07737689968307e-06+1.66537813232859e-07i,-1.32873997664974e-06-2.69148884893166e-07i,7.99591937775304e-08+2.14337935908909e-07i,7.99430836643596e-07-5.73101130258523e-07i,0.00177928949124469+0.0011490358133469i,-0.000563941088982432+0.000982047534486632i,-0.00036908329952679-0.000178393928225092i,7.28827894508015e-05-8.65139242005822e-05i,2.33597566268748e-05+2.74447269410947e-05i,-8.03417350069156e-07-8.65524178912659e-06i,5.70378298676174e-06-2.26549143474215e-06i,-2.11756942379882e-06+1.42699832995074e-06i,-3.11683059894633e-06-4.56802715245544e-06i,1.07700214111579e-06-1.6700262780925e-07i,-1.32887664389666e-06+2.68692745502154e-07i,8.00222050798721e-08-2.14217468912616e-07i,7.99391222881427e-07+5.73510414889431e-07i
-0.000491495450763564+1.66711288030908e-08i,-0.000278400906488321+8.55896249716001e-09i,-0.000108717743050871+2.7609867860108e-09i,-2.97449944822133e-05+8.40474234478112e-10i,-8.71571383069906e-06+2.16007969543609e-10i,2.26970380328216e-06+0i,1.81937338420165e-06+3.08122229385697e-12i,1.0619506366603e-06-2.08418934172506e-11i,1.26902637280939e-06-1.50843103375083e-10i,5.64791481620089e-08-6.98847156873039e-12i,-3.91810504464729e-07+3.18956394822798e-11i,-1.84815352723006e-07-1.66431202037581e-11i,-2.68757250874083e-07+7.39671346149379e-11i,-0.000397438537134346-4.54022797631158e-09i,0.000204864575382555+1.61496327720424e-09i,-7.78737851676747e-05-3.7898749759375e-10i,1.85703827156265e-05+4.13509994889052e-10i,-5.30565363048569e-06-2.1969798237842e-10i,-1.34275586080344e-06+7.35215539687327e-11i,7.39622901423014e-07-8.0946919424888e-11i,-3.41792817670494e-07-2.83097586700891e-11i,6.14020739051648e-07-6.89660391992094e-11i,-7.47217314781229e-08+1.3399540340219e-11i,-1.40600731152751e-07+9.95284210358568e-12i,4.08546950530394e-08+1.65589779300808e-11i,-1.24885879802158e-07+8.83404636143254e-11i,-0.000487989580324651-6.29737009688071e-06i,-1.48918995377931e-05+0.000262892459611301i,0.000103600771805988+8.16504550572205e-06i,2.90379839057198e-06-2.86328944411668e-05i,-8.65437661686975e-06-8.02850589995977e-07i,3.06123430428544e-07-1.67095523902888e-06i,-1.28900708723911e-06-5.30480527159408e-07i,-2.80099526413122e-07+1.0759428080782e-06i,1.15228595459157e-06+1.44004575519412e-07i,7.72599516080792e-09-8.74381912318559e-08i,2.25647106357696e-07+9.33424574661483e-08i,8.5161334616125e-08-1.79903399579005e-07i,-2.10033527775445e-07-4.02788363920183e-08i,-0.00048801517428502+6.32227230948834e-06i,-1.49050141490785e-05-0.000262906982663641i,0.000103605934832358-8.17043908876801e-06i,2.90546584366464e-06+2.86349561859648e-05i,-8.65511122802356e-06+8.03456008857009e-07i,3.06223911728964e-07+1.67104895433887e-06i,-1.28906715477377e-06+5.30463809827634e-07i,-2.80206269366951e-07-1.07600351693885e-06i,1.15243889731104e-06-1.43879319277978e-07i,7.68322318815836e-09+8.75123081608409e-08i,2.25673457686777e-07-9.3282360087868e-08i,8.5196165780308e-08+1.79940124442437e-07i,-2.1005126948466e-07+4.01608522550702e-08i
-0.000391501383803151+1.67512738643063e-10i,-0.00023095939437305+3.56253264602314e-10i,-9.35154646890402e-05+4.7796368470335e-12i,-2.69270702202286e-05+1.56554855575941e-10i,-8.07606134359006e-06+2.23341154700136e-11i,1.81937338420165e-06-3.08122229385697e-12i,1.96910770179074e-06+0i,1.2365520814977e-06-1.45730262928741e-12i,1.13663756197805e-06-1.28098666011881e-10i,7.45446675515967e-08-2.5233030145338e-11i,-3.72824489668403e-07+2.63214116763483e-11i,-2.55080488709048e-07-9.29314071325704e-12i,-2.3570920225872e-07+7.88631031936691e-11i,-0.00030909843244996-9.97494494805081e-09i,0.000148303080560894+5.59575283505112e-09i,-5.51269363468743e-05-2.13577293048849e-09i,1.3266424450589e-05+6.73680401751569e-10i,-3.96546399939294e-06-2.55525211926333e-10i,-7.39665445005551e-07-6.75111872609248e-12i,6.83631955381348e-08+1.45838106526275e-11i,-1.64654592955656e-07-3.5221000795927e-11i,4.76559817589418e-07-6.3239180053823e-11i,-6.09760814611958e-08+2.67197851889254e-11i,-2.70275235171743e-08-1.16372808686775e-11i,-1.91973704919886e-08+1.57695444544358e-11i,-7.21864799840549e-08+8.89493409173166e-11i,-0.000345110672031656-4.91103521289665e-05i,-4.54225184110494e-05+0.000186679132648303i,7.26187084836242e-05+2.06577420445911e-05i,7.49264612415165e-06-1.9360355014987e-05i,-5.70370475306429e-06-2.26581338652756e-06i,5.30441005578675e-07-1.28907090018185e-06i,-9.14196661969791e-07-8.8281835344156e-07i,-5.21535535233331e-07+6.47392471614791e-07i,7.60118833868928e-07+4.01187347076948e-07i,3.10659758496009e-08-4.62120681422902e-08i,1.66626379882233e-07+1.74391722778703e-07i,1.21634443205202e-07-1.03286144624775e-07i,-1.51573593227173e-07-8.47389346116422e-08i,-0.000345117844984646+4.91018288149304e-05i,-4.54178706139451e-05-0.000186682270963058i,7.26195935837548e-05-2.06559622009894e-05i,7.49220376559462e-06+1.93607392671857e-05i,-5.70385566591436e-06+2.26571143715302e-06i,5.30475194159221e-07+1.28907241375029e-06i,-9.14187700621789e-07+8.82717681137234e-07i,-5.21512409095469e-07-6.47388063455969e-07i,7.60155581658344e-07-4.01062506947584e-07i,3.1072623660702e-08+4.62558605157397e-08i,1.66632252271883e-07-1.74326502431605e-07i,1.2165307206892e-07+1.03302387941902e-07i,-1.51573264354355e-07+8.4685150363474e-08i
-0.000473872148792097-4.1398874001755e-09i,-0.000262050163824617-2.06208815855307e-09i,-0.000103689701691687-4.20836643841956e-10i,-3.47668877816078e-05+2.07124792978618e-11i,-1.15042725250198e-05-5.15905051269363e-11i,1.0619506366603e-06+2.08418934172506e-11i,1.2365520814977e-06+1.45730262928741e-12i,1.80249023592212e-06+0i,1.68446937963438e-06-8.05685297655942e-11i,1.80012295800809e-07-5.89477505497022e-11i,-1.741987616756e-07+1.33347248124281e-13i,-3.17841727930999e-07+1.41894471374811e-11i,-2.74174608611797e-07+7.43711060623105e-11i,-0.000159728120737076+2.75805992736569e-09i,7.21700076530469e-05-8.65020905011178e-10i,-3.3199918322305e-05+3.74675336457167e-10i,7.63512962786123e-06-4.40514054637983e-10i,-2.12795795238802e-06+1.55347709488962e-10i,-3.41810927587911e-07+1.670599453498e-11i,1.64673752996073e-07+8.01441346405171e-11i,-4.21237997123689e-07-8.63848742534944e-11i,1.25635911332094e-07-1.25623300567935e-10i,7.40628248021265e-08+9.31779817280676e-11i,4.38288244358587e-08-2.24386729498708e-11i,5.46259776655286e-08+3.42668762194582e-11i,-6.29721767686294e-09+6.69659004548683e-11i,-0.000169176685646422+0.00010399916237831i,4.38916687240883e-05+9.5693541750722e-05i,3.42725793530373e-05-1.17843584111427e-05i,-5.13228940806091e-06-6.47912406831691e-06i,-1.42738710315553e-06+2.11716247772726e-06i,2.80098116713559e-07-1.07599299400252e-06i,-6.47412681540145e-07-5.21581368186516e-07i,4.64141465180431e-08-1.02383762650666e-07i,1.93999983241941e-07-3.37163630189218e-07i,-1.05602389495634e-07+6.1122636473597e-09i,1.74780817381822e-07+8.51136839472588e-08i,3.22787984813966e-08+2.76189638660757e-08i,-8.52364820448774e-08+3.01291440378359e-08i,-0.000169166417547966-0.000104019094555008i,4.39018927202079e-05-9.56874269445243e-05i,3.42703392237781e-05+1.1788716886013e-05i,-5.13373394496228e-06+6.47835064052635e-06i,-1.42717371746117e-06-2.11768684617886e-06i,2.80174880381261e-07+1.07603496720457e-06i,-6.47391870410025e-07+5.21455602308415e-07i,4.6621578776514e-08+1.02491059757561e-07i,1.93981344585604e-07+3.37258209660729e-07i,-1.05497753981271e-07-6.07946205554558e-09i,1.74787594367746e-07-8.50567963085087e-08i,3.22580258041152e-08-2.76434901793636e-08i,-8.52194892814503e-08-3.01270667741864e-08i
-0.000559049553471155-2.03551884322966e-08i,-0.000305856168409695-1.17257892090832e-08i,-0.000116779818636655-5.19277288279577e-09i,-3.87203141939173e-05-1.42913552156925e-09i,-1.28092856937415e-05-5.12207768622034e-10i,1.26902637280939e-06+1.50843103375083e-10i,1.13663756197805e-06+1.28098666011881e-10i,1.68446937963438e-06+8.05685297655942e-11i,1.96109985067846e-06+0i,2.63384701150526e-07-3.00667049770653e-11i,-2.19809548475438e-07-2.45163984022625e-11i,-2.59039377986432e-07-1.4139991180396e-11i,-3.14545363366759e-07+4.64883223123831e-11i,-9.874811102414e-05-3.78500041885772e-08i,4.47106216340476e-05+1.92027601143378e-08i,-2.39279523400495e-05-7.27973076459245e-09i,2.43837083496508e-06+2.20926853378382e-09i,-5.52534268300272e-08-7.53239286483424e-10i,-6.14026905703419e-07+2.33330674165619e-11i,4.7660600470945e-07+7.10195879612999e-11i,-1.25660093551079e-07-2.16278538993405e-10i,-2.33344763862585e-07+3.80985643782563e-12i,1.27202830040011e-07+5.79474215117884e-11i,-2.20501356544105e-08-1.35302488016229e-11i,3.76349628683006e-08+6.02532226939252e-11i,2.3306700221961e-08+3.68257476218874e-11i,-0.000237215703331645+0.000192339923152018i,9.40949667187959e-05+0.000131002637529489i,4.92349049851675e-05-2.97223514173389e-05i,-1.21452338856789e-05-1.15336781382861e-05i,-3.11593327571946e-06+4.56783603412406e-06i,1.43996956125357e-07-1.15227422755612e-06i,-7.60069185476478e-07-4.01229185912548e-07i,3.37207434246993e-07+1.93958878958916e-07i,4.12542796038045e-07-7.66122328820007e-07i,-1.7940812560704e-07-2.19390296321124e-08i,1.75542064649346e-07+4.59656777418726e-08i,-4.17761889778858e-09-3.1151859389625e-08i,-1.04551261745978e-07+9.47933810384258e-08i,-0.000237241181690473-0.000192378379403494i,9.41162986349268e-05-0.000131017991127929i,4.92406098266208e-05+2.97302025586195e-05i,-1.21468999619414e-05+1.15360544273609e-05i,-3.11684187692071e-06-4.56826055124842e-06i,1.43854762642438e-07+1.15244488683918e-06i,-7.60135307423052e-07+4.00994223271253e-07i,3.37283375005226e-07-1.93953589417744e-07i,4.12747882287923e-07+7.66295465073867e-07i,-1.79369319237186e-07+2.20314262060736e-08i,1.7558316548275e-07-4.58521856298778e-08i,-4.19309842540573e-09+3.11462154189338e-08i,-1.04562296760022e-07-9.48718194937506e-08i
-6.8052621985467e-05-4.84320726505455e-09i,-3.66332852412671e-05-2.70751818704027e-09i,-1.34312103218665e-05-1.51741423200677e-09i,-4.83892623644589e-06-6.45679534175229e-10i,-1.69123883855591e-06-2.42641215018256e-10i,5.64791481620089e-08+6.98847156873039e-12i,7.45446675515967e-08+2.5233030145338e-11i,1.80012295800809e-07+5.89477505497022e-11i,2.63384701150526e-07+3.00667049770653e-11i,7.26155735325784e-08+0i,-1.92602489672499e-08-1.99661802213591e-12i,-3.06904082901887e-08-1.12294794556508e-11i,-3.27236635698878e-08+1.22703017676973e-12i,1.98639151186363e-05-9.65233401128471e-09i,-1.08153660868478e-05+4.35890477286072e-09i,2.96124036497408e-06-1.85148544789265e-09i,-1.74643899739362e-06+7.93185779615353e-10i,7.00556603914376e-07-3.02465628613861e-10i,-7.47143385020278e-08+4.48608897103514e-11i,6.09761041865506e-08-9.10262801047615e-12i,7.40525893419238e-08-8.15015162219428e-11i,-1.27188105630322e-07+2.72120738759656e-11i,3.75892020251595e-08+4.24383393160489e-12i,-1.12019638502669e-08+8.99206631301162e-12i,-1.05942773237672e-08+1.84519385229609e-11i,1.65539807946967e-08-4.34531146507387e-13i,-1.60228008463909e-05+4.17156217241153e-05i,2.16207476705466e-05+8.87503488259744e-06i,3.23383660753881e-06-7.20828441756024e-06i,-2.94418031028405e-06-6.90022764247497e-07i,-1.66565647808422e-07+1.07752581650009e-06i,7.72675063014493e-09-8.74536109252122e-08i,-4.62175727324133e-08-3.10799091121301e-08i,1.05612308789857e-07-6.11163367520849e-09i,2.19451490744293e-08-1.79411624350677e-07i,-4.7888945923297e-08-5.88041643124041e-09i,1.39166825319344e-08+1.2624877502315e-09i,-1.62745761801905e-08-9.31975700607862e-10i,-4.19353015715388e-09+2.28010168051159e-08i,-1.60316569195774e-05-4.1701995854018e-05i,2.16141481213024e-05-8.88064152369185e-06i,3.23598117063741e-06+7.20508782092177e-06i,-2.94277799952847e-06+6.90877689201558e-07i,-1.66872332106549e-07-1.07700462711307e-06i,7.68967629814477e-09+8.75008848827252e-08i,-4.62481250049246e-08+3.10649131507094e-08i,1.05502851914607e-07+6.09491024847711e-09i,2.20103903863329e-08+1.79366853379464e-07i,-4.78820614557243e-08+5.9020740210422e-09i,1.39299710105217e-08-1.237328706874e-09i,-1.62584449949281e-08+9.32628157623213e-10i,-4.19950338665264e-09-2.281176737503e-08i
7.393514938312e-05+2.41012542775955e-09i,4.4020389631306e-05+1.26957019419687e-09i,1.73165897447454e-05+7.06390880432002e-10i,4.86691363882138e-06+5.67697864307188e-11i,1.42334715513585e-06+4.99635092168695e-12i,-3.91810504464729e-07-3.18956394822798e-11i,-3.72824489668403e-07-2.63214116763483e-11i,-1.741987616756e-07-1.33347248130857e-13i,-2.19809548475438e-07+2.45163984022625e-11i,-1.92602489672499e-08+1.99661802213427e-12i,8.91681936214494e-08+0i,3.37612391536573e-08+5.52158802937591e-12i,4.55875180805118e-08-1.09189927405472e-11i,4.49553512962004e-05+1.58394573013084e-08i,-2.11875823228994e-05-8.51830687827778e-09i,7.65134748419801e-06+3.19666118149588e-09i,-1.33955096380905e-06-1.0432144453632e-09i,3.46023662530092e-07+3.5004719149095e-10i,1.40602501249382e-07+2.56336432851717e-11i,-2.70327103965054e-08-1.98020505692143e-11i,-4.38184270654389e-08+3.82801277387885e-11i,-2.20458305088862e-08-3.61712450048693e-11i,1.1201066955074e-08+8.00125432922791e-12i,9.59381423605954e-09+6.64568781488225e-12i,1.11787255537178e-08-8.18217279393e-12i,6.23282106172261e-09-7.63486493457648e-12i,7.24332616870765e-05+2.74379717437118e-06i,5.18851890426246e-06-3.87884909168179e-05i,-1.53713288467437e-05-2.76242773891721e-06i,-9.65367199762289e-07+4.3548384316624e-06i,1.32862396246723e-06+2.68944850020029e-07i,-9.33363873475452e-08+2.25658474643769e-07i,1.66622732038308e-07+1.74385575169251e-07i,8.50776054849711e-08-1.74759730939224e-07i,-1.75537448785724e-07-4.59318309544565e-08i,-1.25492859956615e-09+1.39133608259929e-08i,-2.39189073339926e-08-3.17321101505126e-08i,-2.21746759819008e-08+2.96757822903047e-08i,2.93764124040848e-08+1.22086895573751e-08i,7.24460144032406e-05-2.72891237111958e-06i,5.18036337599983e-06+3.87951024102782e-05i,-1.5373534241203e-05+2.7593197343141e-06i,-9.64596438373054e-07-4.35574097961684e-06i,1.32896006175358e-06-2.68736707120241e-07i,-9.32794302281596e-08-2.25665640856887e-07i,1.66614715335697e-07-1.74325674101086e-07i,8.50698706971376e-08+1.74783619190917e-07i,-1.75600324872679e-07+4.58688116226418e-08i,-1.23979380934686e-09-1.39373309578418e-08i,-2.39216664089405e-08+3.17070724537025e-08i,-2.21744005123905e-08-2.96824136227287e-08i,2.93829317906869e-08-1.21819451159994e-08i
7.3176005773139e-05+1.17693810832612e-09i,4.13993803450466e-05+3.94346624111959e-10i,1.67274770176109e-05+1.5324093038214e-10i,5.58834856028529e-06+8.57296692371773e-11i,1.84010570830656e-06+4.99782137908934e-11i,-1.84815352723006e-07+1.66431202037581e-11i,-2.55080488709048e-07+9.29314071325726e-12i,-3.17841727930999e-07-1.41894471374811e-11i,-2.59039377986432e-07+1.41399911803965e-11i,-3.06904082901887e-08+1.12294794556508e-11i,3.37612391536573e-08-5.52158802937591e-12i,6.94565252584418e-08+0i,4.27363850838363e-08-1.62643270949435e-11i,3.08567346416753e-05-1.38205663994416e-10i,-1.35440408857895e-05-2.68560073297659e-11i,5.8213252464435e-06+1.07054782223276e-10i,-1.41605363567786e-06-4.21456798282247e-11i,4.20413546469262e-07+1.98423513638981e-11i,4.08623256309314e-08-6.57616107051083e-12i,1.91904777929935e-08-1.46646955358015e-11i,5.46317442620682e-08+2.87318551782625e-11i,-3.76271834400792e-08+1.70295745786549e-11i,-1.05964369846345e-08-1.73751494285699e-11i,-1.1182338621451e-08+3.25703871257964e-12i,3.17253803943739e-09-8.55268028893509e-12i,-2.32944009390085e-10-1.46316671342389e-11i,2.75503476945451e-05-8.38721049106075e-06i,-1.63993129345577e-06-1.5573960162136e-05i,-5.54089465763551e-06-1.98651656142885e-07i,4.85847257376694e-08+1.01962993162697e-06i,2.14327237857826e-07-8.00851679180078e-08i,-8.51723908357569e-08+1.7994114435573e-07i,1.03310314136815e-07+1.21654548975765e-07i,3.22650499613896e-08+2.76218194528183e-08i,-3.11629794536053e-08+4.18846732016324e-09i,1.62782472518365e-08+9.32009451812621e-10i,-2.96840086593822e-08-2.21836449585248e-08i,-8.27300340419039e-09-7.51484234575122e-09i,1.44433922891166e-08+5.24085174405591e-09i,2.75474842351604e-05+8.3838334232941e-06i,-1.63821234245245e-06+1.5572102740272e-05i,-5.54017009364425e-06+1.99427597013655e-07i,4.82755222294169e-08-1.01936025840443e-06i,2.1423842899347e-07+7.99805044847326e-08i,-8.51873323727487e-08-1.79943501985565e-07i,1.032987418131e-07-1.2164166823702e-07i,3.22673369767317e-08-2.76468340116053e-08i,-3.11506335144338e-08-4.1761402995454e-09i,1.62546553457808e-08-9.34715910068752e-10i,-2.96845066219915e-08+2.2171987961828e-08i,-8.27828638308907e-09+7.52051538811382e-09i,1.44389490626741e-08-5.2476416075159e-09i
9.3725503724841e-05+1.85292793680293e-08i,5.19655517995093e-05+1.04876953007566e-08i,1.98973790267586e-05+4.4652223510403e-09i,6.35107082627758e-06+1.35270904137632e-09i,2.05377397619242e-06+4.35930094410934e-10i,-2.68757250874083e-07-7.39671346149379e-11i,-2.3570920225872e-07-7.88631031936691e-11i,-2.74174608611797e-07-7.43711060623105e-11i,-3.14545363366759e-07-4.64883223123831e-11i,-3.27236635698878e-08-1.22703017676973e-12i,4.55875180805118e-08+1.09189927405472e-11i,4.27363850838363e-08+1.62643270949435e-11i,5.74116151681251e-08+0i,2.52404949175778e-05+2.16890243447651e-08i,-1.18304161015397e-05-1.08033979697732e-08i,5.33085869567516e-06+4.21484425454135e-09i,-7.22102721159464e-07-1.28581557020205e-09i,9.58232769029378e-08+4.26227184502283e-10i,1.24901025105972e-07+1.85158249572058e-11i,-7.22199799424652e-08-1.76747611851555e-11i,6.2798578066973e-09+6.69512296828633e-11i,2.33600926679341e-08-3.96370872273168e-11i,-1.65692709608944e-08-5.99292412573065e-13i,6.23533151421933e-09+1.93555807391154e-12i,2.3202684849963e-10-1.37811017007224e-11i,-4.78924163333617e-10-3.6197598781023e-12i,5.12191148089799e-05-2.58272051724638e-05i,-1.19424217811504e-05-2.79655463852462e-05i,-1.07727807312763e-05+3.56610782009165e-06i,1.47573488899885e-06+2.75778596660159e-06i,7.99125941558336e-07-5.73463131212057e-07i,-4.02774502520417e-08+2.10007896554904e-07i,1.51533684317186e-07+8.47561596562626e-08i,-3.01638312099444e-08-8.51886431656873e-08i,-1.04504770991311e-07+9.4842766842909e-08i,2.28126955438765e-08+4.18553774315434e-09i,-2.93679281054085e-08-1.2213394813903e-08i,-5.23838279267759e-09+1.44321131448912e-08i,2.24029166705828e-08-1.10790879556675e-08i,5.12283929689112e-05+2.58502047190642e-05i,-1.19553459705038e-05+2.79718111661793e-05i,-1.07752515208045e-05-3.57076093820808e-06i,1.47663922194431e-06-2.75874112165599e-06i,7.99451193634682e-07+5.73665060710906e-07i,-4.01429793950454e-08-2.10071682212793e-07i,1.51592382008278e-07-8.46552002170797e-08i,-3.01501587800884e-08+8.52275415719575e-08i,-1.04571519215918e-07-9.48942147398045e-08i,2.281573405824e-08-4.2023287600396e-09i,-2.93852628192821e-08+1.21747347763829e-08i,-5.2412389393623e-09-1.44417591770383e-08i,2.24120966276287e-08+1.11015778009002e-08i
0.0844274703840896+5.40223089798027e-09i,0.0446142787385963-4.97264655244001e-09i,0.0189847672773551+1.2922647554188e-10i,0.00422109949011431-1.41131286157243e-08i,0.00108897962623106-3.63555542490651e-09i,-0.000397438537134346+4.54022797631158e-09i,-0.00030909843244996+9.97494494805081e-09i,-0.000159728120737076-2.75805992736569e-09i,-9.874811102414e-05+3.78500041885772e-08i,1.98639151186363e-05+9.65233401128471e-09i,4.49553512962004e-05-1.58394573013084e-08i,3.08567346416753e-05+1.38205663994416e-10i,2.52404949175778e-05-2.16890243447651e-08i,0.186103468795642+0i,-0.100636097695396-1.27456949375835e-10i,0.0384910887090844+4.46395000536461e-09i,-0.0118977581106488-1.06845979640955e-08i,0.00382502525355372+1.71573763734347e-08i,0.00049149562087839+7.22453884523924e-09i,-0.000391489390731262+1.68660068318158e-08i,0.00047385677372409-9.41325900482624e-09i,-0.000559037245260175+2.3149155372829e-08i,6.80503845947557e-05-8.98503198341516e-09i,7.39323786393371e-05-3.96684841297432e-09i,-7.31631076664604e-05+2.24694001105725e-09i,9.37052806370042e-05-2.61371996078159e-08i,0.116355070192513+0.0462668081039374i,0.0236178709171861-0.0635165414201265i,-0.0244074495895938-0.00773525285294526i,-0.00311422770434278+0.00620356088744792i,0.00177928988188188+0.00114903169466343i,6.32159467545091e-06+0.000488010539195056i,0.000345099658293003-4.91039521168722e-05i,0.000104016644242588-0.000169156110931716i,-0.000237241092641941-0.000192364125633502i,-4.17055942838537e-05+1.60268481254153e-05i,-7.24466195488618e-05+2.7371415376591e-06i,-8.38173633271478e-06+2.75382075674255e-05i,5.12151725615522e-05+2.58422060740479e-05i,0.116355050096339-0.0462668066231532i,0.0236178601438202+0.0635165391953754i,-0.0244074596360041+0.00773524908080493i,-0.00311422732978162-0.00620354310454609i,0.00177927011878779-0.00114904817085243i,6.3088585867166e-06-0.000487997013935359i,0.000345112084120062+4.91105156784929e-05i,0.000104007593722826+0.000169179936679573i,-0.000237228165536462+0.000192333275265288i,-4.17100084572096e-05-1.60272379674947e-05i,-7.24413277870064e-05-2.73832857234361e-06i,-8.39228530932757e-06-2.75534890875272e-05i,5.12188642211544e-05-2.58196642200384e-05i
-0.0446142759317216-1.62889591265413e-08i,-0.0231884851456234-5.13369323731532e-09i,-0.00980337681559723-2.27318721900229e-09i,-0.0021107626595211+5.76385508436424e-09i,-0.000535579899728527+1.5487175719624e-09i,0.000204864575382555-1.61496327720424e-09i,0.000148303080560894-5.59575283505112e-09i,7.21700076530469e-05+8.65020905011178e-10i,4.47106216340476e-05-1.92027601143378e-08i,-1.08153660868478e-05-4.35890477286072e-09i,-2.11875823228994e-05+8.51830687827778e-09i,-1.35440408857895e-05+2.68560073297659e-11i,-1.18304161015397e-05+1.08033979697732e-08i,-0.100636097695396+1.27456949375835e-10i,0.054866473509711+0i,-0.0210433217175529-1.63500461527178e-09i,0.00650297892896292+5.78355680382986e-09i,-0.00208425767448847-8.56647933651327e-09i,-0.000278400328406108-4.68014375250834e-09i,0.000230952333467896-9.5840194399564e-09i,-0.000262041629460064+5.38081090478993e-09i,0.000305850894532537-1.16728040921871e-08i,-3.66321773848072e-05+4.4496795241834e-09i,-4.40191752039371e-05+2.36142196181506e-09i,4.13921454512766e-05-1.28412661374959e-09i,-5.19552104064873e-05+1.31329258871531e-08i,-0.0635165494815034-0.0236178795865992i,-0.0116150381761697+0.0346347668038664i,0.0133318569657736+0.00367995836685502i,0.00150000824844269-0.00341013295565184i,-0.00098204790328774-0.000563938915827924i,-1.49037552665415e-05-0.000262903536413221i,-0.000186672812295201+4.54193383261097e-05i,-4.39005919616241e-05+9.56820876291968e-05i,0.0001310163783995+9.41084983826365e-05i,2.16164351398941e-05-8.87765854874951e-06i,3.87953605176347e-05-5.18528190709363e-06i,1.63726283756515e-06-1.55671826308044e-05i,-2.79636244452206e-05-1.19513589631089e-05i,-0.0635165278740912+0.0236178517407341i,-0.0116150178623792-0.0346347607027912i,0.0133318608534569-0.00367995047305929i,0.00150000569043442+0.00341012259461367i,-0.000982036798716383+0.000563948068080528i,-1.48983382008417e-05+0.000262896727120112i,-0.000186679373999365-4.54218539854697e-05i,-4.38964462525678e-05-9.56949196440077e-05i,0.000131009449802816-9.40906856816702e-05i,2.16174094761477e-05+8.87770772602241e-06i,3.8792469159711e-05+5.18526422568287e-06i,1.64281760630533e-06+1.55754986180974e-05i,-2.79657478844772e-05+1.19377599842991e-05i
0.0189847591809913+9.96776639861855e-09i,0.00980337329203256+3.17825217726333e-09i,0.00409061265464934+6.29316217367501e-10i,0.000934463680435973-2.01661296723073e-09i,0.000250701445708914-1.15740939954717e-10i,-7.78737851676747e-05+3.7898749759375e-10i,-5.51269363468743e-05+2.13577293048849e-09i,-3.3199918322305e-05-3.74675336457167e-10i,-2.39279523400495e-05+7.27973076459245e-09i,2.96124036497408e-06+1.85148544789265e-09i,7.65134748419801e-06-3.19666118149588e-09i,5.8213252464435e-06-1.07054782223276e-10i,5.33085869567516e-06-4.21484425454135e-09i,0.0384910887090844-4.46395000536461e-09i,-0.0210433217175529+1.63500461527178e-09i,0.00813274040101081+0i,-0.00250660945408969-1.51208448639575e-09i,0.000800948468657143+2.99325566721397e-09i,0.000108717368476925+1.55297261163619e-09i,-9.35127004965427e-05+3.37344053322336e-09i,0.000103686519609245-1.29784487846565e-09i,-0.000116778283311401+4.70908964201689e-09i,1.34307735477597e-05-2.13833353738642e-09i,1.73161398862968e-05-8.73076778619596e-10i,-1.67246379175666e-05+2.70340774970144e-10i,1.98938321833837e-05-4.97786303667454e-09i,0.0244074641633923+0.0077352640160391i,0.00367996256783941-0.0133318629142601i,-0.00511376073473172-0.00112963862685047i,-0.000466294286831543+0.0012923025842732i,0.000369083490308294+0.0001783934740351i,8.16973061988427e-06+0.000103604635926269i,7.26162457036684e-05-2.06563192186989e-05i,1.17884118830897e-05-3.42685241702483e-05i,-4.92399463917286e-05-2.97277138426666e-05i,-7.20617861354642e-06+3.23479577127038e-06i,-1.53737761004497e-05+2.76107165791274e-06i,1.99576202796865e-07+5.53841751393978e-06i,1.07721305643911e-05+3.56963863250908e-06i,0.0244074419821616-0.00773524684742022i,0.00367995176531621+0.0133318526099264i,-0.00511375948890009+0.00112963449470217i,-0.000466293254615539-0.00129229834735096i,0.000369079609944072-0.000178396867644177i,8.16751817467963e-06-0.000103602540399779i,7.26186828422651e-05+2.06574917599641e-05i,1.17862212742245e-05+3.42729561696959e-05i,-4.92374751379512e-05+2.97207436511047e-05i,-7.20698668903565e-06-3.23497921917961e-06i,-1.537270109107e-05-2.76116130437645e-06i,1.97585701501249e-07-5.54145021391203e-06i,1.07729162896193e-05-3.56430296877227e-06i
-0.00422110622700017-2.61674628910891e-08i,-0.00211076588606644-1.34624203343452e-08i,-0.000934465169382787-4.73789854076003e-09i,-0.000189839006180147-7.52179383816264e-10i,-4.62194112007071e-05-1.9922097175163e-10i,1.85703827156265e-05-4.13509994889052e-10i,1.3266424450589e-05-6.73680401751569e-10i,7.63512962786123e-06+4.40514054637983e-10i,2.43837083496508e-06-2.20926853378382e-09i,-1.74643899739362e-06-7.93185779615353e-10i,-1.33955096380905e-06+1.0432144453632e-09i,-1.41605363567786e-06+4.21456798282247e-11i,-7.22102721159464e-07+1.28581557020205e-09i,-0.0118977581106488+1.06845979640955e-08i,0.00650297892896292-5.78355680382986e-09i,-0.00250660945408969+1.51208448639575e-09i,0.000802927075273109+0i,-0.000261408230078958-8.18540754037938e-10i,-2.97448238242486e-05-5.72476864636391e-10i,2.69262268716357e-05-1.0769200698091e-09i,-3.47657908822649e-05+6.0453238530222e-10i,3.87194088723903e-05-1.29498383726654e-09i,-4.83869893962093e-06+6.65812295967945e-10i,-4.86667571531028e-06+2.81476900226965e-10i,5.58740364457723e-06-2.19493167435621e-10i,-6.34969604194382e-06+1.50689413500457e-09i,-0.00620356657958346-0.00311423593753138i,-0.00150001166273816+0.00341013508636112i,0.00129230265261579+0.000466295076439149i,0.000191789309093299-0.000312477620256109i,-8.65137768392701e-05-7.28827284492108e-05i,-2.9052567472707e-06-2.86344651204665e-05i,-1.93595325656192e-05+7.49235802617054e-06i,-5.13365016958245e-06+6.47762141667235e-06i,1.15357784537169e-05+1.21459383534318e-05i,2.94309050404223e-06-6.90572821407246e-07i,4.35583274624356e-06-9.65178353510827e-07i,4.82361411289802e-08-1.01883222152305e-06i,-2.7576000461603e-06-1.47612999742248e-06i,-0.00620353260190441+0.0031142262744957i,-0.00150000572330347-0.0034101186596035i,0.00129229812993734-0.000466292969572013i,0.000191789094216308+0.000312474177060682i,-8.65115747372928e-05+7.28835891829891e-05i,-2.90454939504684e-06+2.86334186268265e-05i,-1.93604518339391e-05-7.49252684304728e-06i,-5.13275288975709e-06-6.47944406233183e-06i,1.15345714547642e-05-1.21446145206283e-05i,2.9437936667199e-06+6.90314235481267e-07i,4.35537213990033e-06+9.64949213715667e-07i,4.89163565015292e-08+1.01986379174604e-06i,-2.75787518670737e-06+1.4750742895908e-06i
0.00108898727424445+2.20485447934492e-09i,0.000535583964437862+5.73091083980626e-10i,0.000250703046341732-2.79574928801577e-10i,4.62197510518447e-05-3.47247991722727e-10i,1.00754650331134e-05-1.41427065831051e-10i,-5.30565363048569e-06+2.1969798237842e-10i,-3.96546399939294e-06+2.55525211926333e-10i,-2.12795795238802e-06-1.55347709488962e-10i,-5.52534268300272e-08+7.53239286483424e-10i,7.00556603914376e-07+3.02465628613861e-10i,3.46023662530092e-07-3.5004719149095e-10i,4.20413546469262e-07-1.98423513638981e-11i,9.58232769029378e-08-4.26227184502283e-10i,0.00382502525355372-1.71573763734347e-08i,-0.00208425767448847+8.56647933651327e-09i,0.000800948468657143-2.99325566721397e-09i,-0.000261408230078958+8.18540754037938e-10i,8.60995295254726e-05+0i,8.71566507254358e-06+1.76692653850657e-10i,-8.07579739437579e-06+3.44057660470748e-10i,1.15038970472629e-05-2.60418963423078e-10i,-1.28089012270379e-05+4.34330227976481e-10i,1.69114860192223e-06-2.22544695366963e-10i,1.42325179123146e-06-8.47615877513077e-11i,-1.83979355086513e-06+9.8382094165437e-11i,2.05327918972346e-06-4.96860594888409e-10i,0.00177928991309916+0.00114904263714751i,0.000563944889453027-0.0009820478056138i,-0.000369083425050785-0.000178395666169879i,-7.28833270266583e-05+8.65137156445867e-05i,2.33596572731104e-05+2.74446801723014e-05i,8.03421367818976e-07+8.65497145058035e-06i,5.70346339879304e-06-2.26577630872253e-06i,2.11765833681109e-06-1.42691663272088e-06i,-3.11676425940799e-06-4.56791485971264e-06i,-1.07709534347463e-06+1.66787028174006e-07i,-1.32899772793714e-06+2.6892741600605e-07i,-7.99668736426752e-08+2.1407108488128e-07i,7.9907434445849e-07+5.73470791385355e-07i,0.00177926721385848-0.00114904790379623i,0.000563947838068501+0.000982035342283361i,-0.000369079310497794+0.000178396616945522i,-7.28834935229906e-05-8.65115298443773e-05i,2.33585680056724e-05-2.74449290391294e-05i,8.03088910462131e-07-8.65453111286216e-06i,5.70374924766735e-06+2.26577219422654e-06i,2.11729666854204e-06+1.42754248621432e-06i,-3.11625882883038e-06+4.56763315225448e-06i,-1.07740928284421e-06-1.66651654915167e-07i,-1.32881566844958e-06-2.68808525676345e-07i,-8.01911476571066e-08-2.1441559685584e-07i,7.99159577528219e-07-5.73244289414507e-07i
