0.0795483587428584+0i,0.0847777357706734+1.15608567632538e-10i,0.0644705571401506-4.47423082276337e-10i,0.0369960525618256-7.10142988693172e-10i,0.0222920484996919-2.12110838263633e-10i,0.0116389557346974-4.93554404268246e-10i,0.00338686829019394-4.01707314122312e-10i,-0.000384648107477891+8.53504893699108e-10i,-0.00162740132770752+6.23368217210235e-10i,-0.00239507050782023+7.16112181015328e-11i,-0.001678943655089-6.86351046734041e-10i,-0.000348379206411087-9.7871601231494e-10i,3.33374679508506e-05-7.80321407365519e-10i,0.0674783778900783+6.15492377716047e-10i,-0.0705474707244638-7.71310655712664e-10i,0.0522919250673207+2.20252795716542e-09i,-0.0283836884840902-4.77148849815583e-09i,0.0169651026079623+4.77153723583234e-09i,-0.00896901919282357-2.03542523727192e-09i,0.00235335115056252-7.58114735968525e-11i,0.000604836592083333+3.23385422523348e-10i,-0.00132283935113992-1.12567412352928e-10i,0.00190758653525465+4.84542549813661e-10i,-0.00135728119071775+8.61100430801629e-10i,0.000197484519511868-2.20190893434468e-09i,9.38142237892645e-05+1.45090060317694e-09i,0.0720789571584926-0.000763690732007108i,0.000293352740715074-0.076127488379665i,-0.0567764193125374-0.00106503405822096i,-0.000417236560492265+0.0312444881198281i,0.0186860027281767-0.000331903146831667i,-5.63913776182294e-05-0.00991195178988345i,-0.00262613273588273-0.000180605233555928i,4.45278208484809e-05-0.000702486611815844i,-0.00153126821898924-5.66332679138293e-05i,6.42948534491716e-05+0.00212240875975146i,0.00150800991708231-8.28617358302883e-06i,1.04346288686734e-05-0.000260019710267718i,8.11679784013264e-05+2.72708160551255e-05i,0.0720789591917024+0.000763690093278547i,0.000293352897263682+0.0761274908004341i,-0.0567764217025371+0.00106503542666153i,-0.000417240934526453-0.0312444886911312i,0.0186860013645724+0.000331898080744692i,-5.63895837666653e-05+0.0099119504883501i,-0.00262613261076994+0.00018060547911884i,4.45264816840358e-05+0.000702485913450653i,-0.00153126832388579+5.66313796175735e-05i,6.42958029714932e-05-0.00212240891645504i,0.00150800828590755+8.28833875448689e-06i,1.04319554390399e-05+0.000260016168920258i,8.11699497978996e-05-2.72721168803873e-05i
0.0847777357706734-1.15608567632538e-10i,0.0906747279911691+0i,0.0692278001447281-5.04632649986849e-10i,0.0398108772344959-6.12867170676841e-10i,0.0238815544417103-7.77874529930947e-11i,0.0124834152799937-6.80982104926217e-10i,0.00369210900651252-7.79885730171495e-10i,-0.000397507034243394+7.39572627647937e-10i,-0.00175258281805779+6.83063175008484e-10i,-0.00255330542780647+1.27968025614971e-11i,-0.0017957038063991-1.05833125399644e-09i,-0.000381356530991987-1.41653775707454e-09i,3.6095882768293e-05-1.01155384415354e-09i,0.0705474708623036+1.65683435697061e-09i,-0.0734176043935495-2.00551264249094e-09i,0.0541314522893216+3.48297778754248e-09i,-0.029270245752656-6.08320419045953e-09i,0.0175991234061216+5.85196250483698e-09i,-0.00929036776345388-2.43208778936108e-09i,0.00237471200724831-2.83249623792005e-10i,0.00064480440242351+5.75031610463755e-10i,-0.00136299455852964-3.21225791545492e-10i,0.0019920203398653+8.33623145981982e-10i,-0.00141162002531176+6.04894591758459e-10i,0.000195422103096779-2.30211005998549e-09i,9.79708090043501e-05+1.59416118439142e-09i,0.0761274884647603+0.000293352244370106i,0.00178360454032969-0.0804032778213986i,-0.0599621370810598-0.0025068214220957i,-0.00136815666098932+0.0329937049338741i,0.0197315917244265+0.00013566167340642i,0.000200436766839601-0.0104673324977358i,-0.00277230501691519-0.000321403194986624i,3.14985658785926e-05-0.000743484762048092i,-0.00161787845228109-9.88213571871541e-05i,2.84412827414791e-05+0.00224171272748686i,0.00159285029196901+2.23495571788788e-05i,2.77332106077513e-05-0.000274570990216691i,8.58603485972883e-05+2.6767312994581e-05i,0.0761274903856923-0.000293353062378761i,0.00178360478915312+0.0804032798136807i,-0.0599621389520447+0.00250682318292982i,-0.00136816218642435-0.0329937052006516i,0.0197315903759318-0.000135668068659744i,0.000200438921949137+0.010467331315198i,-0.00277230491141368+0.000321403189740545i,3.14974088791197e-05+0.000743484100000357i,-0.00161787871153531+9.88194809668028e-05i,2.84419356376758e-05-0.00224171305719071i,0.00159284845655866-2.23476226821809e-05i,2.77307520262823e-05+0.00027456684839746i,8.58626861386703e-05-2.67685156106733e-05i
0.0644705571401506+4.47423082276337e-10i,0.0692278001447281+5.04632649986849e-10i,0.0531518042585866+0i,0.030735656676399-1.63198729066619e-10i,0.0183689594635153+2.11289217856253e-10i,0.00959607468361886-6.24730117742248e-10i,0.00290758486233217-1.01558992927436e-09i,-0.000255639092580921+8.11718262115563e-11i,-0.00133467032162078+1.61854741824525e-10i,-0.00194195042332274-4.05070376894398e-10i,-0.00136842970569029-1.17895890779303e-09i,-0.000300297104450004-1.32933582579797e-09i,2.41387599368982e-05-8.4546429990225e-10i,0.0522919249599377+3.46386778158991e-09i,-0.0541314519663415-4.01691781825503e-09i,0.0397287402841817+4.69939353941854e-09i,-0.0214509403924022-6.07028007005373e-09i,0.0129908802966061+5.45069295993111e-09i,-0.00683252909237618-2.25757791305918e-09i,0.00171268374325467-4.23827638566321e-10i,0.000458895282071514+6.41315383362202e-10i,-0.000980442491724818-3.87538424482662e-10i,0.00147075833747975+8.54648251379167e-10i,-0.00103641351867906+4.01589968030186e-11i,0.000135692312029429-1.51065628494191e-09i,7.06655882151069e-05+1.13436691118114e-09i,0.0567764194705837+0.00106503581875176i,0.00250682388815782-0.0599621372736904i,-0.0446447953737204-0.00299854693244956i,-0.00176839505396688+0.02447620202903i,0.0146253668871323+0.000475431253931305i,0.000353546652785673-0.00777569093235289i,-0.00203717181265871-0.000349030822467089i,1.26385613533784e-05-0.000589692722312074i,-0.00122037575377291-0.000106429309997794i,-7.95367563931974e-06+0.00167399950764106i,0.00119111927329016+4.10283990267863e-05i,3.42567836789687e-05-0.000203548719012333i,6.70842268243847e-05+1.92366782920801e-05i,0.0567764213227106-0.00106503409257445i,0.00250682154351508+0.0599621388973024i,-0.0446447966691496+0.00299854650510345i,-0.00176839876839852-0.0244762022549177i,0.0146253660962783-0.000475436206541161i,0.000353548072520728+0.00777569025640426i,-0.0020371719175234+0.000349030330001802i,1.26380953172739e-05+0.000589691920506541i,-0.00122037562163475+0.000106428031102764i,-7.95339157472146e-06-0.00167399947694424i,0.00119111765108342-4.10272070836558e-05i,3.42552880714156e-05+0.00020354538483102i,6.70860807264603e-05-1.92374116781619e-05i
0.0369960525618256+7.10142988693172e-10i,0.0398108772344959+6.12867170676841e-10i,0.030735656676399+1.63198729066619e-10i,0.0179945637171461+0i,0.0107888019357051+3.10824661131098e-10i,0.00560704024178916-3.66947787340749e-10i,0.00173829569329176-7.43640852993355e-10i,-8.46047357988729e-05-2.17842677554871e-10i,-0.000752768296014425-1.93435323931892e-10i,-0.00112143763873188-6.06071254633986e-10i,-0.000786237811098767-7.71863514873361e-10i,-0.000180595258467462-6.62750807557959e-10i,5.14005303449227e-06-3.91715902104081e-10i,0.0283836872734417+5.32562154794622e-09i,-0.0292702440727941-6.06932911379523e-09i,0.021450939041736+5.69235820890512e-09i,-0.0115375444121769-5.47863383146129e-09i,0.0069861669087022+4.49870387216136e-09i,-0.00366547567534572-2.03512769116705e-09i,0.000921128499950198-9.35502901038908e-11i,0.00023180292697504+2.29426305805447e-10i,-0.000510856245099937-1.1785441097582e-10i,0.000784440094771793+4.8122102092049e-10i,-0.000552810973758398-1.66048663899768e-10i,6.64524812083258e-05-7.35566384178883e-10i,4.06947586086078e-05+5.74199576430798e-10i,0.0312444873525152+0.000417242361731654i,0.00136816370644354-0.0329937045281305i,-0.0244762019697959-0.0017683996684943i,-0.001003978060349+0.0133096163321642i,0.0079377012102239+0.000187919778599781i,0.000174904990864237-0.00424122273554007i,-0.00108386782997479-0.000216299369064033i,1.48467204054735e-05-0.000367538769195624i,-0.000688391447415666-6.62440831724363e-05i,7.70301553741711e-06+0.000923799069129183i,0.000659345020659967+1.99755499157768e-05i,1.98828329133663e-05-0.000110512673422749i,4.06443245322068e-05+1.51188784964217e-05i,0.0312444893239652-0.000417237394749088i,0.00136815817246435+0.0329937059612299i,-0.024476202791365+0.00176839637415908i,-0.00100397878176732-0.0133096166750943i,0.00793770106633875-0.000187922009658137i,0.000174905388757295+0.00424122244971953i,-0.0010838680301176+0.000216298879627854i,1.48463251094429e-05+0.000367537876292679i,-0.000688390886527633+6.62429733723009e-05i,7.70349459053558e-06-0.00092379866846245i,0.000659343925608473-1.9974615971121e-05i,1.98818323992311e-05+0.000110510819287094i,4.06452935539567e-05-1.51193596581681e-05i
0.0222920484996919+2.12110838263633e-10i,0.0238815544417103+7.77874529930947e-11i,0.0183689594635153-2.11289217856253e-10i,0.0107888019357051-3.10824661131098e-10i,0.00652668535819709+0i,0.00337812502897715-2.29732278252541e-10i,0.00103164457985186-3.36176484443989e-10i,-4.07145643844018e-05-5.10240308745538e-11i,-0.000444410564316518-1.00326354780678e-10i,-0.000679390809219959-3.52044924622897e-10i,-0.000472492835559888-3.09691177020635e-10i,-0.000107684120403347-1.95538681938652e-10i,-5.94257444587717e-08-1.33392891563153e-10i,0.0169651010384598+4.39215688609867e-09i,-0.0175991213097497-4.95540597605702e-09i,0.0129908784458624+4.38420105877051e-09i,-0.00698616616586776-3.86565610399682e-09i,0.00417568991060831+3.0860279711339e-09i,-0.00219958409161852-1.49856418756416e-09i,0.000575087254766594+1.56979379734835e-10i,0.00013783928192329-4.45962290631992e-11i,-0.000309864079543969+5.34022460102519e-11i,0.000464303309158015+1.7847345613911e-10i,-0.000330510157179878+7.51845571334447e-12i,4.10543111340592e-05-4.87466341310111e-10i,2.65904429700899e-05+3.37974873105545e-10i,0.0186860009137678-0.000331897389291896i,0.000135668712404406-0.0197315903798652i,-0.014625366324706-0.000475436508698244i,-0.000187921484469386+0.00793770108465882i,0.00473180799964812-0.000144208998939096i,-2.37366089213131e-05-0.00253124127850279i,-0.000643044060988642-8.01758210274048e-05i,1.95612231075387e-05-0.000225790091387065i,-0.000414034257819691-2.51326315670319e-05i,2.81715855907488e-05+0.000552844259668685i,0.000394863197827724-3.51867557762709e-06i,4.67151748141777e-06-6.58841019423126e-05i,2.48258160604078e-05+1.20125265103439e-05i,0.0186860028696547+0.000331902020987839i,0.000135663680863271+0.0197315918974476i,-0.014625367216853+0.000475433171376702i,-0.000187920977712421-0.00793770163163377i,0.00473180815857571+0.000144208315161578i,-2.37366103980862e-05+0.00253124112748176i,-0.000643044177166529+8.01756237664648e-05i,1.95607166765823e-05+0.000225789446789223i,-0.000414033810472274+2.51316750918425e-05i,2.81721879820931e-05-0.000552843958939806i,0.000394862575646936+3.51954352369487e-06i,4.67062813185214e-06+6.58831327079053e-05i,2.48262918925425e-05-1.20129501816919e-05i
0.0116389557346974+4.93554404305121e-10i,0.0124834152799937+6.80982104926217e-10i,0.00959607468361886+6.24730117742248e-10i,0.00560704024178916+3.66947787340749e-10i,0.00337812502897715+2.29732278252541e-10i,0.00175452996819457+0i,0.000533897135349318-7.80711007924523e-11i,-3.09565402709917e-05+4.96671290284446e-11i,-0.000236173773881402+4.84976124087984e-12i,-0.00035394551066717-1.22800277899331e-10i,-0.000247278859057949-1.77686254159651e-10i,-5.58333779535258e-05-1.56418123194189e-10i,1.40048701758382e-06-1.01349389732243e-10i,0.00896901889599606+1.89338301672035e-09i,-0.00929036733025892-1.93434868101533e-09i,0.00683252870763696+1.69332656986149e-09i,-0.00366547566731914-1.72871773430539e-09i,0.00219958430316985+1.52439184649017e-09i,-0.00115966169687463-6.94566015941048e-10i,0.000295954154749022+3.1846970782867e-11i,7.8503660389559e-05-1.89907598491763e-11i,-0.000165926292230546+2.11741575187395e-11i,0.000247379651184274+1.24762143450348e-10i,-0.000175668452196835+2.1099593117914e-11i,2.16976567325188e-05-2.87908543005549e-10i,1.38894925898116e-05+1.94600283332058e-10i,0.00991194927936934-5.63902326396915e-05i,0.000200438187796712-0.0104673299898532i,-0.00777568912260944-0.000353547349223054i,-0.000174904501200046+0.00424122167129587i,0.00253124066890484-2.37373771603234e-05i,1.26905272604794e-05-0.00134994862714128i,-0.000348244248764366-5.01772640605429e-05i,7.87006210284156e-06-0.000111508841518914i,-0.000216396150395769-1.55493151680785e-05i,9.75726444998146e-06+0.000292758790422229i,0.000208712615490766+1.19506377406944e-06i,3.76289257357555e-06-3.52364278204123e-05i,1.2453135346382e-05+5.52483768575821e-06i,0.00991195186614504+5.63916712634617e-05i,0.000200436594986411+0.0104673328191548i,-0.00777569146010323+0.000353546525497551i,-0.000174904932196195-0.00424122323354052i,0.00253124148091949+2.37365714683058e-05i,1.26907252772169e-05+0.0013499489463363i,-0.000348244458316396+5.01772526402621e-05i,7.86975808620732e-06+0.000111508566862827i,-0.000216396078433087+1.55488508432551e-05i,9.75750059637256e-06-0.000292758794765239i,0.000208712363340349-1.19467311794951e-06i,3.76247531213938e-06+3.52358997499834e-05i,1.24534178922886e-05-5.52503432368629e-06i
0.00338686829019394+4.01707314122312e-10i,0.00369210900651252+7.79885730171495e-10i,0.00290758486233217+1.01558992927436e-09i,0.00173829569329176+7.43640852993355e-10i,0.00103164457985186+3.36176484443989e-10i,0.000533897135349318+7.80711007924523e-11i,0.000178932258898942+0i,3.22924311469982e-06-6.55815353542974e-11i,-6.81552570937526e-05-1.08556077152405e-10i,-0.000102613233081028-1.47476678663845e-10i,-7.2249781306487e-05-1.45149132630513e-10i,-1.84458317331616e-05-1.09917285364944e-10i,-3.82038844007811e-07-4.23081730183324e-11i,0.00235335159550444+1.26964421069207e-09i,-0.00237471259851606-1.04553382798166e-09i,0.0017126843334492+7.88728697835115e-10i,-0.000921129030199704-9.30500645025067e-10i,0.00057508764377395+9.02437905851149e-10i,-0.000295954313316651-3.49467429458585e-10i,7.00541970107743e-05-4.55393009685442e-11i,1.30900576778077e-05-2.99774050348907e-11i,-3.57879780670906e-05+1.46410628284262e-11i,6.3642860976213e-05+9.42551776383001e-11i,-4.37072878100884e-05-9.73175482884981e-11i,3.86988060418643e-06-9.89851318021332e-12i,2.85393508375467e-06+1.43490055351913e-11i,0.00262612868012609+0.00018060475090934i,0.000321402505259067-0.00277230050637272i,-0.00203716819965081-0.000349029762135702i,-0.000216298196359195+0.00108386549445865i,0.000643042615061502+8.01749998435911e-05i,5.01770575341577e-05-0.000348243618110702i,-8.29946558052868e-05-3.7818273459649e-05i,-5.14516561635703e-07-4.02661238875533e-05i,-6.15222106256571e-05-1.14544362488304e-05i,-4.25455008256421e-06+7.82092843262187e-05i,5.62602436442696e-05+5.90933791479146e-06i,4.07338648565578e-06-8.9615274911157e-06i,4.2282655653228e-06+1.22554520571231e-06i,0.00262613279372422-0.000180605304785462i,0.000321403069035209+0.00277230528301596i,-0.00203717225912518+0.000349030611169291i,-0.000216299383406906-0.00108386834080835i,0.000643044339232263-8.01759953700823e-05i,5.01773855735924e-05+0.000348244486796481i,-8.29950625762965e-05+3.78183201059156e-05i,-5.14609229016918e-07+4.0265892367813e-05i,-6.1522165622561e-05+1.14543373853711e-05i,-4.25457600947824e-06-7.82093157188281e-05i,5.62601942673888e-05-5.90931978872653e-06i,4.0733777487974e-06+8.96138481133972e-06i,4.22833991052569e-06-1.2255420465851e-06i
-0.000384648107477891-8.53504893699108e-10i,-0.000397507034243394-7.39572627647937e-10i,-0.000255639092580921-8.11718262115563e-11i,-8.46047357988729e-05+2.17842677554871e-10i,-4.07145643844018e-05+5.10240308745538e-11i,-3.09565402709917e-05-4.96671290284446e-11i,3.22924311469982e-06+6.55815353542974e-11i,2.21327182238731e-05+0i,1.40403222082459e-05-8.79793952832706e-11i,1.0858937285025e-05-1.06218001698377e-10i,8.83882640553247e-06-1.34267434500776e-12i,-1.72200867855251e-08+3.87342105590844e-11i,-2.54152527680893e-06+3.6495492139326e-11i,-0.000604836841606819+2.05973534849547e-09i,0.0006448046162817-2.05619357055547e-09i,-0.000458895372609949+1.81713008513083e-09i,0.00023180292667201-1.69237373911469e-09i,-0.000137839284107493+1.26159909183871e-09i,7.85036627098191e-05-5.36719635959346e-10i,-1.3090052695636e-05+1.96119042763563e-10i,-1.78005929939197e-05-2.27650567555401e-10i,1.8814212890268e-05+8.46733953157291e-11i,-2.00966504898011e-05+2.7579501959624e-11i,1.4582474548208e-05-9.50138407147817e-11i,-2.52956968766994e-06+1.13030558328583e-10i,-1.196707290997e-06-8.55052607720637e-11i,-0.00070249154964904-4.45287255867434e-05i,-3.14997537501899e-05+0.000743490017813021i,0.000589696670477589+1.26400750357717e-05i,1.48479685675592e-05-0.000367541190637173i,-0.000225791656049265-1.95618789635443e-05i,-7.87028837013384e-06+0.000111509631731804i,4.02663238978649e-05-5.14366279599871e-07i,1.35062646519104e-06-1.01217051663337e-05i,8.29481268717312e-06-2.1166803719964e-07i,2.38681430669631e-06-1.96659960199276e-05i,-1.31737711528231e-05-9.7441655346605e-07i,-2.05201150408241e-07+3.1264448899084e-06i,6.789023276525e-07+6.35529150583371e-07i,-0.000702487697379855+4.45252850120604e-05i,-3.14960824240001e-05-0.000743485956046649i,0.000589693519943069-1.26365778895311e-05i,1.48451039869908e-05+0.000367538832720846i,-0.000225789997375584+1.95600213488796e-05i,-7.86950462662676e-06-0.000111508845060677i,4.0266023030791e-05+5.14746734960091e-07i,1.35035352551126e-06+1.01214538650377e-05i,8.29496385731707e-06+2.11598105777182e-07i,2.38675905565727e-06+1.966603481478e-05i,-1.31737437024753e-05+9.74380114852376e-07i,-2.05156941816439e-07-3.12634116030265e-06i,6.78814774185628e-07-6.35492555214207e-07i
-0.00162740132770752-6.23368217210235e-10i,-0.00175258281805779-6.83063175008484e-10i,-0.00133467032162078-1.61854741824525e-10i,-0.000752768296014425+1.93435323931892e-10i,-0.000444410564316518+1.00326354780678e-10i,-0.000236173773881402-4.84976124087984e-12i,-6.81552570937526e-05+1.08556077152405e-10i,1.40403222082459e-05+8.79793952832706e-11i,3.69517970099036e-05+0i,4.92818355003945e-05-1.84067533088926e-11i,3.52585169387319e-05+5.07398567085422e-11i,7.40894059354598e-06+5.6272104045992e-11i,-1.37544944688222e-06+3.26513146375168e-11i,-0.00132283959712413+2.10231180879161e-09i,0.0013629948151851-2.26809003355983e-09i,-0.000980442688641177+2.12117129600342e-09i,0.00051085642347805-1.7962608574202e-09i,-0.000309864230157361+1.17609619474859e-09i,0.000165926347745503-5.13135422729651e-10i,-3.57879724399328e-05+2.82532293555039e-10i,-1.88142050815578e-05-2.36213828115367e-10i,2.73264389757924e-05+5.67860892695254e-11i,-3.78362769656681e-05+2.71043677940841e-11i,2.68336179503969e-05-6.15850275030287e-11i,-3.09067063641721e-06+1.09155502204162e-10i,-2.30211512495511e-06-8.31588146006197e-11i,-0.00153127231025284-5.66340181185455e-05i,-9.88223105486302e-05+0.00161788268981811i,0.00122037880007416+0.000106430503792166i,6.62449778243726e-05-0.000688393226119951i,-0.000414035443700301-2.51330211556324e-05i,-1.55494868783427e-05+0.000216396798908551i,6.15224341644652e-05+1.145463213301e-05i,2.11790690901332e-07+8.29473907539132e-06i,2.99409497118962e-05+3.46699086263236e-06i,1.389106100902e-06-4.46910250741973e-05i,-3.14415300784454e-05-1.83318905363837e-06i,-1.24449018334843e-06+5.75535534145066e-06i,-1.15005806010423e-06-3.45738237069503e-07i,-0.00153127054184144+5.6630451139981e-05i,-9.88184929444715e-05-0.00161788109959056i,0.00122037778599813-0.000106426871728768i,6.62420876834328e-05+0.000688392356417767i,-0.000414034654414784+2.51312341107357e-05i,-1.55487078632457e-05-0.000216396448159098i,6.15223583594124e-05-1.1454179602234e-05i,2.11482461892272e-07-8.2948457309097e-06i,2.99410400461716e-05-3.46701611962731e-06i,1.38902327996478e-06+4.46910403833896e-05i,-3.14414809946017e-05+1.83311776965488e-06i,-1.2444132985916e-06-5.75522473962749e-06i,-1.15015417124773e-06+3.45793378407059e-07i
-0.00239507050782023-7.16112181015328e-11i,-0.00255330542780647-1.27968025614971e-11i,-0.00194195042332274+4.05070376894398e-10i,-0.00112143763873188+6.06071254633986e-10i,-0.000679390809219959+3.52044924622674e-10i,-0.00035394551066717+1.22800277899331e-10i,-0.000102613233081028+1.47476678663845e-10i,1.0858937285025e-05+1.06218001698377e-10i,4.92818355003945e-05+1.84067533088926e-11i,7.3050220716313e-05+0i,5.09441757169653e-05+2.56630788581938e-11i,1.08869305964289e-05+1.42739821237538e-11i,-5.93761827927874e-07+9.75951027228282e-12i,-0.00190758666036102+8.36440171035882e-10i,0.00199202040983678-8.39768695162044e-10i,-0.00147075838442961+9.24054866768276e-10i,0.00078444020486003-9.28235113485834e-10i,-0.000464303434881219+6.04568705449493e-10i,0.000247379683534686-2.22637136410867e-10i,-6.36428506417019e-05+1.70142948190961e-10i,-2.00966239754011e-05-1.75971521435472e-10i,3.78362570430706e-05+4.44412041973277e-11i,-5.29847772826206e-05+1.50121818685498e-11i,3.80887693494356e-05-4.69947866963934e-11i,-5.01771818670788e-06+1.01747004648015e-10i,-3.30041820508369e-06-7.48543794548785e-11i,-0.00212241151873252+6.42930305135938e-05i,2.84388822435887e-05+0.00224171570547496i,0.00167400175240759+7.95611945115699e-06i,-7.70137064206459e-06-0.000923800438029141i,-0.000552845163603682+2.81708180996565e-05i,9.75685237455182e-06+0.000292759316460787i,7.82095397051766e-05+4.2548596299427e-06i,-2.38667130036557e-06+1.96658468832875e-05i,4.46909529407849e-05+1.38911681890659e-06i,-3.9238734399278e-06-6.24344689992005e-05i,-4.43128076650698e-05+1.23469529204003e-06i,1.09757466164954e-08+7.69203015545939e-06i,-2.3017349873474e-06-1.25229053369642e-06i,-0.00212241035481925-6.42969781128327e-05i,2.84430974988526e-05-0.00224171448407515i,0.00167400082374643-7.95225857624601e-06i,-7.70429814175806e-06+0.000923799709079539i,-0.000552844586530381-2.81726074338604e-05i,9.75764539507372e-06-0.000292759019268758i,7.82094568422298e-05-4.25443352020914e-06i,-2.38690604538192e-06-1.96658645287497e-05i,4.46909557250669e-05-1.38906456756275e-06i,-3.92402905010733e-06+6.24344427282048e-05i,-4.43127366915243e-05-1.23484533892948e-06i,1.1121447441993e-08-7.69190679255936e-06i,-2.30180797080187e-06+1.25237556083869e-06i
-0.001678943655089+6.86351046734041e-10i,-0.0017957038063991+1.05833125399644e-09i,-0.00136842970569029+1.17895890779303e-09i,-0.000786237811098767+7.71863514873361e-10i,-0.000472492835559888+3.09691177020635e-10i,-0.000247278859057949+1.77686254159651e-10i,-7.2249781306487e-05+1.45149132630513e-10i,8.83882640553247e-06+1.3426743433137e-12i,3.52585169387319e-05-5.07398567085422e-11i,5.09441757169653e-05-2.56630788581938e-11i,3.57950454621673e-05+0i,7.63537595705291e-06+1.58453561651067e-11i,-6.84093389850771e-07+2.41380061577147e-11i,-0.00135728335046666+8.19964577757022e-10i,0.00141162234050402-5.33174820198874e-10i,-0.00103641537041286+2.15746603803376e-10i,0.000552812140338326-2.05357092164815e-10i,-0.000330510878338859+2.57955233163874e-10i,0.000175668799847972-8.57852485022276e-11i,-4.37073991876662e-05+8.89413035586483e-12i,-1.45824453493487e-05-6.32577318418408e-11i,2.68336414269232e-05+2.76923179535204e-11i,-3.80888295027975e-05+1.5608865032816e-11i,2.71738465473211e-05-3.31650547010943e-11i,-3.53291862939736e-06+6.16264282585578e-11i,-2.20050479802782e-06-5.13093271468128e-11i,-0.00150801308697774+8.28755631787917e-06i,-2.23484482226197e-05+0.00159285377134676i,0.00119112202850895+4.1027892484075e-05i,1.99752293991686e-05-0.000659346819957765i,-0.000394864355961613+3.5190914278189e-06i,-1.19489546225624e-06+0.000208713237884698i,5.62605243394626e-05+5.90939576667113e-06i,-9.74371424407302e-07+1.31736361495626e-05i,3.14415044725967e-05+1.83316967110918e-06i,-1.23478094425679e-06-4.43128544733484e-05i,-3.14133229097958e-05-1.03778347257573e-07i,-4.34033081529549e-07+5.49324341994668e-06i,-1.56617612863159e-06-6.72333785021482e-07i,-0.00150800967267141-8.28749272293322e-06i,-2.23484940898821e-05-0.00159284968378728i,0.001191118496809-4.10277260179979e-05i,1.99749485637505e-05+0.000659344319917748i,-0.000394862810709582-3.5192314869493e-06i,-1.19485514410927e-06-0.000208712447145001i,5.62602083457378e-05-5.9093158907729e-06i,-9.7443499606136e-07-1.31737014111642e-05i,3.1441442643596e-05-1.83315388093952e-06i,-1.23479793329929e-06+4.4312747023453e-05i,-3.14132031268797e-05+1.03736798417934e-07i,-4.33963524688271e-07-5.493112045872e-06i,-1.56624414990657e-06+6.72375750386213e-07i
-0.000348379206411087+9.7871601231494e-10i,-0.000381356530991987+1.41653775707454e-09i,-0.000300297104450004+1.32933582579797e-09i,-0.000180595258467462+6.62750807557959e-10i,-0.000107684120403347+1.95538681938652e-10i,-5.58333779535258e-05+1.56418123194189e-10i,-1.84458317331616e-05+1.09917285364944e-10i,-1.72200867855251e-08-3.87342105590844e-11i,7.40894059354598e-06-5.6272104045992e-11i,1.08869305964289e-05-1.42739821237538e-11i,7.63537595705291e-06-1.58453561651067e-11i,2.044007924831e-06+0i,1.13404391741827e-07+1.59307377218851e-11i,-0.000197488111291117+1.05627572532153e-09i,0.000195426044716196-7.22742580463353e-10i,-0.000135695480877675+1.92760802150289e-10i,6.64544145752416e-05-6.57408749821998e-11i,-4.1055451740575e-05+2.02934270406684e-10i,2.16982360093044e-05-8.05005760434705e-11i,-3.87008380854967e-06-4.93884814521318e-11i,-2.52954986085798e-06+1.36899334245245e-11i,3.09073328088025e-06-5.8364259170663e-12i,-5.01782216525696e-06+3.83840296399069e-11i,3.53298238921076e-06-1.85394183047904e-11i,-2.31762890306913e-08+9.91130614011093e-12i,-4.84865923229455e-07-1.47610249844831e-11i,-0.000260022260934922-1.04319781324213e-05i,-2.77307231227341e-05+0.000274573694731779i,0.000203550847658428+3.42551463511738e-05i,1.98818049264838e-05-0.000110514133945528i,-6.58850779003723e-05-4.67069437346882e-06i,-3.76251318262353e-06+3.52369129202501e-05i,8.9617119299016e-06+4.0733509055129e-06i,-2.05188236331777e-07+3.12636667000752e-06i,5.75537210626712e-06+1.24445001766166e-06i,-1.10910527351864e-08-7.69210442039008e-06i,-5.49327496874315e-06-4.33977913779492e-07i,-3.88715030490042e-07+9.173611727611e-07i,-3.44102352710824e-07-2.50801535697223e-07i,-0.000260018351901492+1.0434433290984e-05i,-2.77333164356324e-05-0.000274568999396431i,0.000203546774189728-3.42571667936476e-05i,1.98830479174845e-05+0.000110511275062912i,-6.58833471966684e-05+4.67148171935897e-06i,-3.76290218875607e-06-3.52360384995459e-05i,8.96136297514748e-06-4.07347036081784e-06i,-2.05163163768795e-07-3.12643047624101e-06i,5.75526885409459e-06-1.24446410070803e-06i,-1.10281899293951e-08+7.69195089075455e-06i,-5.4931591681815e-06+4.34013873036271e-07i,-3.88711024061433e-07-9.1728618740108e-07i,-3.44134681656702e-07+2.50808347569993e-07i
3.33374679508506e-05+7.80321407365519e-10i,3.6095882768293e-05+1.01155384415354e-09i,2.41387599368982e-05+8.4546429990225e-10i,5.14005303449227e-06+3.91715902104081e-10i,-5.94257444587717e-08+1.33392891563153e-10i,1.40048701758382e-06+1.01349389732243e-10i,-3.82038844007811e-07+4.23081730183324e-11i,-2.54152527680893e-06-3.64954921393112e-11i,-1.37544944688222e-06-3.26513146375168e-11i,-5.93761827927874e-07-9.75951027228282e-12i,-6.84093389850771e-07-2.41380061577147e-11i,1.13404391741827e-07-1.59307377218851e-11i,4.23907777918653e-07+0i,9.38124395519716e-05+6.01357316311906e-10i,-9.79688375888755e-05-4.39929155539605e-10i,7.06639971745956e-05+1.17693974462784e-10i,-4.06937868538728e-05+1.58029398277732e-11i,2.65898750273045e-05+5.91392431386314e-11i,-1.38892012630895e-05-2.5480655839253e-11i,2.85382892344985e-06-4.89104134190869e-11i,1.19671703642768e-06+4.39203479908084e-11i,-2.30208310626351e-06-2.40401524087589e-11i,3.3003680620376e-06+3.30561123592716e-11i,-2.20046846877115e-06-1.44381931213199e-11i,4.84855843941053e-07-3.61023551270676e-12i,-6.42253059274749e-08+2.44394757163936e-12i,8.11669904767272e-05+2.72723945485735e-05i,2.67688554300315e-05-8.58593207099421e-05i,-6.70834122905483e-05-1.92377755853296e-05i,-1.51195795539347e-05+4.06437378680579e-05i,2.4825409673148e-05+1.20130350595343e-05i,5.52507764387435e-06-1.2452941190137e-05i,-4.22819610919272e-06-1.22559548574505e-06i,-6.35537416353876e-07+6.78867245144908e-07i,-1.15005268114287e-06-3.45761475524905e-07i,-1.25234954257945e-06+2.30170218960432e-06i,1.56616353040019e-06+6.72362254937864e-07i,2.50800615484325e-07-3.44105993359642e-07i,-3.59379811355779e-08-2.42392763793211e-07i,8.11687300942551e-05-2.72702614645394e-05i,2.67665949233221e-05+8.58614524006441e-05i,-6.70852899888005e-05+1.92359587181034e-05i,-1.51184169115139e-05-4.06450427087729e-05i,2.48261823226204e-05-1.20123128097717e-05i,5.52472422601081e-06+1.24533383634926e-05i,-4.22835671534758e-06+1.22545813953629e-06i,-6.35480843329581e-07-6.78882379382882e-07i,-1.1501190466788e-06+3.45761344679684e-07i,-1.25230721280544e-06-2.30178576395397e-06i,1.56621462101479e-06-6.72338794054649e-07i,2.50805264677507e-07+3.44121520909329e-07i,-3.59389138058516e-08+2.42396815526906e-07i
0.0674783778900783-6.15492377716047e-10i,0.0705474708623036-1.65683435697061e-09i,0.0522919249599377-3.46386778158991e-09i,0.0283836872734417-5.32562154794622e-09i,0.0169651010384598-4.39215688609867e-09i,0.00896901889599606-1.89338301672035e-09i,0.00235335159550444-1.26964421069207e-09i,-0.000604836841606819-2.05973534849547e-09i,-0.00132283959712413-2.10231180879161e-09i,-0.00190758666036102-8.36440171035882e-10i,-0.00135728335046666-8.19964577757022e-10i,-0.000197488111291117-1.05627572532153e-09i,9.38124395519716e-05-6.01357316311906e-10i,0.0795483587315776+0i,-0.0847777357698456+1.61278325190089e-10i,0.0644705571676819+5.9510533270631e-10i,-0.0369960527725834-7.09229045177524e-10i,0.022292048849009-8.96239256129751e-10i,-0.0116389563005826+1.39201836153409e-09i,0.00338686906899575-1.30356344795321e-09i,0.000384647657347286+2.40765028555536e-09i,-0.0016274016946587-1.87376862275531e-09i,0.00239507045569458+5.67482817269923e-10i,-0.00167894160569022-1.66656125620637e-11i,0.000348376373786091+3.66703761513601e-10i,3.33386816169587e-05+4.06703028798233e-12i,0.0720789584620898+0.000763690814069244i,-0.0002933521551723-0.0761274896355122i,-0.0567764208375158+0.00106503425995102i,0.000417238010540895+0.0312444904098286i,0.0186860051633124+0.000331902742692986i,5.63926438496553e-05-0.00991195308309735i,-0.00262613297171558+0.000180604080652434i,-4.4528319100342e-05-0.000702486740768946i,-0.00153126899643734+5.66336425014046e-05i,-6.42955818380675e-05+0.00212240985282481i,0.00150800979619514+8.28827666405912e-06i,-1.04327524223563e-05-0.000260018446757234i,8.11687506729648e-05-2.72712869240715e-05i,0.0720789570313135-0.000763690130388695i,-0.000293353492576031+0.0761274886722106i,-0.056776420050743-0.00106503642805231i,0.000417241829794249-0.0312444881322884i,0.018686001692908-0.000331898396945839i,5.63903992797991e-05+0.00991195064666393i,-0.00262613248651358-0.000180606216712477i,-4.45239890753177e-05+0.000702485590020342i,-0.00153126736896763-5.66288539135966e-05i,-6.42976541982115e-05-0.00212240790466165i,0.00150800806519544-8.28948608541617e-06i,-1.04317885746276e-05+0.000260016884502742i,8.11693607985647e-05+2.72717676543949e-05i
-0.0705474707244638+7.71310655712664e-10i,-0.0734176043935495+2.00551264249094e-09i,-0.0541314519663415+4.01691781825503e-09i,-0.0292702440727941+6.06932911379523e-09i,-0.0175991213097497+4.95540597605702e-09i,-0.00929036733025892+1.93434868101533e-09i,-0.00237471259851606+1.04553382798166e-09i,0.0006448046162817+2.05619357055547e-09i,0.0013629948151851+2.26809003355983e-09i,0.00199202040983678+8.39768695162044e-10i,0.00141162234050402+5.33174820198874e-10i,0.000195426044716196+7.22742580463353e-10i,-9.79688375888755e-05+4.39929155539605e-10i,-0.0847777357698456-1.61278325190089e-10i,0.0906747280600159+0i,-0.0692278001772786-6.19553389980467e-10i,0.0398108771980486+4.59968437977867e-10i,-0.0238815544427753+1.31712513206777e-09i,0.0124834157985921-1.52871230478461e-09i,-0.00369210997224954+1.09489256295903e-09i,-0.000397506509083347-2.30000420404055e-09i,0.00175258320973316+1.80248329062171e-09i,-0.0025533053123602-3.11954160817345e-10i,0.00179570167234744-2.44994131125903e-10i,-0.000381353681232059-3.95222221649873e-10i,-3.6097081559884e-05+7.17751131368441e-11i,-0.0761274898300276+0.000293351858592471i,0.00178360363480995+0.0804032789997699i,0.0599621385926619-0.00250682145641422i,-0.00136815811845327-0.0329937075933546i,-0.0197315948537821+0.000135662046635084i,0.000200435394676286+0.0104673342496487i,0.00277230527064288-0.000321401969905382i,3.14990916906557e-05+0.000743485004003196i,0.0016178794050063-9.88217508634485e-05i,2.84420623488819e-05-0.00224171401727831i,-0.00159284994628772+2.23473295752973e-05i,2.77312324862667e-05+0.000274569107614351i,-8.58614972497442e-05+2.67678069196649e-05i,-0.0761274883705864-0.000293353514492253i,0.00178360596540209-0.0804032780573663i,0.0599621378016784+0.00250682466591498i,-0.0013681633693589+0.0329937051667199i,-0.0197315910065151-0.000135667866892455i,0.000200438133997765-0.0104673314121549i,0.00277230467022937+0.000321403999605675i,3.1494768435202e-05-0.000743483676121001i,0.00161787747188327+9.88168162659363e-05i,2.84438814121764e-05+0.00224171175412608i,-0.00159284820690663-2.23464151060249e-05i,2.77305713059969e-05-0.000274567861313539i,-8.58618716588357e-05-2.67681502889465e-05i
0.0522919250673207-2.20252795716542e-09i,0.0541314522893216-3.48297778754248e-09i,0.0397287402841817-4.69939353941854e-09i,0.021450939041736-5.69235820890512e-09i,0.0129908784458624-4.38420105877051e-09i,0.00683252870763696-1.69332656986149e-09i,0.0017126843334492-7.88728697835115e-10i,-0.000458895372609949-1.81713008513083e-09i,-0.000980442688641177-2.12117129600342e-09i,-0.00147075838442961-9.24054866768276e-10i,-0.00103641537041286-2.15746603803376e-10i,-0.000135695480877675-1.92760802150289e-10i,7.06639971745956e-05-1.17693974462784e-10i,0.0644705571676819-5.9510533270631e-10i,-0.0692278001772786+6.19553389980467e-10i,0.0531518041831627+0i,-0.0307356564078733+1.11027541406399e-10i,0.0183689592090639-1.52356114783793e-09i,-0.00959607504636931+1.35466757511359e-09i,0.00290758571101281-7.23360998641095e-10i,0.000255638669307468+1.56585602231478e-09i,-0.0013346706288224-1.19318465410255e-09i,0.00194195025664104-8.55798559637075e-11i,-0.00136842804920632+2.42121591321378e-10i,0.000300295006131913+5.66001242360674e-10i,2.41396203730186e-05-2.67728791735028e-10i,0.0567764209908975-0.00106503528099398i,-0.00250682288977043-0.0599621386206279i,-0.0446447969129041+0.00299854667874373i,0.0017683959325333+0.0244762045634917i,0.0146253699160175-0.00047543132516211i,-0.000353545414780744-0.0077756926780784i,-0.00203717204285206+0.000349029689834807i,-1.26391638080545e-05-0.00058969299252318i,-0.00122037660883425+0.000106429702257386i,7.95304476157761e-06+0.00167400063116528i,0.00119111885191522-4.10267206427206e-05i,-3.4255385697429e-05-0.000203546844962452i,6.70853709858119e-05-1.92369915074895e-05i,0.056776419594417+0.00106503437739532i,-0.00250682231974636+0.0599621374695943i,-0.0446447958296707-0.00299854749712109i,0.00176839956502943-0.0244762023438129i,0.0146253666078236+0.000475435983538768i,-0.000353547463009169+0.00777569018510571i,-0.00203717160513366-0.000349031113060659i,-1.26357912617519e-05+0.00058969154584203i,-0.00122037447722632-0.000106425794216504i,7.95180388697139e-06-0.00167399827176303i,0.00119111743538624+4.1026139726011e-05i,-3.42549858368533e-05+0.000203546361794658i,6.70853047575297e-05+1.92372043199497e-05i
-0.0283836884840902+4.77148849815583e-09i,-0.029270245752656+6.08320419045953e-09i,-0.0214509403924022+6.07028007005373e-09i,-0.0115375444121769+5.47863383146129e-09i,-0.00698616616586776+3.86565610399682e-09i,-0.00366547566731914+1.72871773430539e-09i,-0.000921129030199704+9.30500645025067e-10i,0.00023180292667201+1.69237373911469e-09i,0.00051085642347805+1.7962608574202e-09i,0.00078444020486003+9.28235113485834e-10i,0.000552812140338326+2.05357092164815e-10i,6.64544145752416e-05+6.57408749821998e-11i,-4.06937868538728e-05-1.58029398277732e-11i,-0.0369960527725834+7.09229045177524e-10i,0.0398108771980486-4.59968437977867e-10i,-0.0307356564078733-1.11027541406399e-10i,0.0179945633930363+0i,-0.0107888017855865+1.11698251317061e-09i,0.00560704050305351-9.80774073707496e-10i,-0.00173829622110268+5.79430693089219e-10i,-8.46045047610797e-05-1.0405081626444e-09i,0.000752768510874433+7.81346658281323e-10i,-0.00112143751720648+1.10092724654142e-10i,0.000786236792571062+1.42258795671103e-10i,-0.000180594032449502-8.16216152876227e-10i,-5.14053513253427e-06+4.3320209117024e-10i,-0.0312444891836801+0.000417241304295204i,0.001368162112093+0.03299370636887i,0.0244762037635147-0.00176839853286974i,-0.00100397781207239-0.0133096184836988i,-0.00793770347353178+0.000187919310239488i,0.000174903916011686+0.00424122401480896i,0.0010838680315569-0.000216298404961362i,1.48473278819015e-05+0.00036753894889715i,0.000688392064779046-6.62444047618456e-05i,7.70344053713831e-06-0.00092379988688434i,-0.000659344797499728+1.99745921001916e-05i,1.98821490387177e-05+0.000110511463439019i,-4.06450676017173e-05+1.51189857301854e-05i,-0.0312444881730805-0.000417236673102577i,0.00136815744886581-0.0329937049151057i,0.0244762020239966+0.00176839587725377i,-0.00100397854126523+0.0133096165191743i,-0.00793770133860354-0.000187921491272545i,0.000174904859889379-0.00424122242047362i,0.00108386781500634+0.000216299456774145i,1.48446476059372e-05-0.000367537644735104i,0.000688390116409793+6.62414087456277e-05i,7.70456407265293e-06+0.000923797852589747i,-0.000659343774238469-1.99738024774578e-05i,1.98814515559237e-05-0.000110511460258732i,-4.06447809487614e-05-1.51193256683955e-05i
0.0169651026079623-4.77153723583234e-09i,0.0175991234061216-5.85196250483698e-09i,0.0129908802966061-5.45069295993111e-09i,0.0069861669087022-4.49870387216136e-09i,0.00417568991060831-3.0860279711339e-09i,0.00219958430316985-1.52439184649017e-09i,0.00057508764377395-9.02437905851149e-10i,-0.000137839284107493-1.26159909183871e-09i,-0.000309864230157361-1.17609619474859e-09i,-0.000464303434881219-6.04568705449493e-10i,-0.000330510878338859-2.57955233163874e-10i,-4.1055451740575e-05-2.02934270406684e-10i,2.65898750273045e-05-5.91392431386314e-11i,0.022292048849009+8.96239256129751e-10i,-0.0238815544427753-1.31712513206777e-09i,0.0183689592090639+1.52356114783793e-09i,-0.0107888017855865-1.11698251317061e-09i,0.00652668545581613+0i,-0.00337812524761146+3.46706224575548e-10i,0.00103164484859457-4.06532842334798e-10i,4.07144376692985e-05+7.76786108726775e-10i,-0.000444410703511815-6.43508608736949e-10i,0.000679390768532419+1.20671690845229e-10i,-0.00047249219869587-3.10631745730619e-10i,0.000107683324530344+6.42720864676804e-10i,-5.91125951823137e-08-3.10877600867068e-10i,0.0186860024346014+0.000331898979067834i,-0.000135666568089528-0.0197315921273741i,-0.0146253680027165+0.000475434774527879i,0.000187920629249588+0.00793770263038204i,0.00473180931601629+0.000144209689498344i,2.37374844241077e-05-0.00253124200029402i,-0.0006430442263402+8.01751203846258e-05i,-1.95616329773323e-05-0.000225790177783718i,-0.000414034642210596+2.51328136561142e-05i,-2.8171880981242e-05+0.000552844770519325i,0.000394863169056511+3.5192753997667e-06i,-4.67111037132023e-06-6.58835506570124e-05i,2.48261622709698e-05-1.20125833427661e-05i,0.0186860022236602-0.000331903032284223i,-0.000135662458603362+0.0197315910840754i,-0.0146253663645938-0.000475432122424835i,0.00018792030429703-0.00793770121071421i,0.00473180826077613-0.000144208918620409i,2.37370776080806e-05+0.00253124117542305i,-0.000643044063260423-8.01759267099721e-05i,-1.95596688024909e-05+0.00022578933655367i,-0.000414033393381647-2.51306765078977e-05i,-2.81728735906261e-05-0.00055284352331842i,0.000394862483461517-3.52007544809913e-06i,-4.67036196785182e-06+6.58834439910698e-05i,2.48260327813563e-05+1.20129432102708e-05i
