0.207769760090078+0i,0.0889331915425104-2.34229905045748e-11i,0.0269015523611906-6.79629884435626e-10i,0.00685077717440989+1.50302151670507e-09i,0.00134784833379728-4.68928915958675e-10i,-0.00061289066011385+2.37651755447236e-09i,-4.62466096420638e-05+9.25995079574597e-10i,-0.000139537701020884+9.83398266695598e-10i,-0.000153882706655505-3.92492070624944e-10i,5.73883946480387e-05+1.96922742297798e-10i,-5.46968632596449e-06-1.73128389712365e-10i,1.6768494252791e-05-1.34874550338362e-09i,3.93538567711549e-05+1.53146872346525e-10i,0.0875348419562336-2.46443452935659e-09i,-0.0366828585317686+3.52216574882555e-08i,0.0121843875638323-1.64906182385044e-08i,-0.00202723668976631+5.38200530760636e-09i,0.000176200817010825-1.3148043156975e-09i,0.0003507289119905-2.72417655160941e-09i,-4.34943092344584e-05+2.49424465242703e-09i,-2.64233570514394e-05+1.79802142618665e-10i,8.37458363800414e-06+2.03434295644393e-10i,-4.1668246526624e-05+1.96667222847249e-10i,1.70935523558995e-06-9.24528832649595e-10i,1.05345720985516e-05-2.44981881310891e-10i,-7.1018381338428e-07+2.98739624670117e-10i,0.122379282776743-0.0553327157888105i,-0.0223498757962848-0.0532046223070065i,-0.0161171285762651+0.00603210500627106i,0.00203213844076987+0.00324377506224881i,0.00046790045858145-0.000506721324563235i,5.16015921151075e-05+0.000460368775217041i,4.31444092864658e-05+4.99165452129203e-05i,-6.57770505740168e-05+6.84596686637737e-06i,-3.05181277247379e-05+7.33827162803449e-05i,2.31802729121453e-06-4.88833512808916e-05i,-1.07980870186188e-06-1.37287775880509e-05i,7.48417926685885e-06-6.35081771913505e-06i,1.16931595373096e-05-1.9500417960837e-05i,0.122379251576047+0.0553326923171046i,-0.0223498291397701+0.053204642211194i,-0.0161171412215616-0.00603209066994694i,0.00203213410441619-0.00324378044744868i,0.000467900489888185+0.000506719805819634i,5.16014424682383e-05-0.000460368423482174i,4.31461935346971e-05-4.99163337120472e-05i,-6.57772926797116e-05-6.8454794722395e-06i,-3.05191139498657e-05-7.33820103894177e-05i,2.31861690360058e-06+4.88827711236817e-05i,-1.08010768036125e-06+1.37287178982901e-05i,7.48548280788549e-06+6.35104517766592e-06i,1.16936794553337e-05+1.95003491597042e-05i
0.0889331915425104+2.34229905045748e-11i,0.0384253039881629+0i,0.0116526780939295+3.38439063135152e-10i,0.00296204460564702+1.00399511860135e-09i,0.00058130059593232-1.5362785708034e-10i,-0.000276725757841433+1.15729077291611e-09i,-2.97393784634907e-05+4.28243083109647e-10i,-6.08925116193429e-05+4.03691229139503e-10i,-6.57310250162848e-05-3.23442259860076e-10i,2.6512537040431e-05+1.66437074248187e-10i,-3.66596286400093e-07-7.48918278423001e-11i,7.96248626849505e-06-6.98800185015239e-10i,1.66086594807709e-05+9.6292181919734e-11i,0.0366828506231235+2.8342440721457e-08i,-0.0150791310047519+2.66143345984653e-09i,0.00497781897219113-2.99925597643307e-09i,-0.000795624126364785+7.92687568019921e-10i,5.9845278482425e-05-3.35569144156025e-10i,0.000136382536382413-1.30996543952383e-09i,-9.36071369308521e-06+1.14114792771707e-09i,-1.52243899880625e-05+1.04038810024855e-10i,5.27171658105165e-06-7.89290791734166e-11i,-1.59678004897212e-05+1.51168785808861e-11i,-1.05901604873317e-06-4.0178032919773e-10i,5.70915751876387e-06+6.9999631397937e-11i,-4.33279975825491e-07+1.33010966987276e-10i,0.0532046595289925-0.0223499251633681i,-0.00868842706475218-0.0230975768230045i,-0.00700876408786684+0.00228859494428842i,0.000783395712444869+0.00142274892622218i,0.000208158402578116-0.00019837454600537i,7.05733237719403e-06+0.000198425120137333i,1.8668683326525e-05+3.0279637409702e-05i,-2.4535408610087e-05+1.47246743237871e-06i,-1.41110864991907e-05+2.95019674937752e-05i,2.85790920110219e-06-2.10274746508199e-05i,-4.25076691097167e-07-7.59493638717044e-06i,2.04062446782761e-06-2.51135132813086e-06i,5.19974388645303e-06-8.14601116271731e-06i,0.053204675612229+0.0223498729153153i,-0.00868839247573018+0.0230975971590793i,-0.00700877267219639-0.00228858379872353i,0.000783392015470803-0.00142275225382024i,0.000208158594157449+0.000198373715972353i,7.05768494755036e-06-0.000198424947969782i,1.86692882948684e-05-3.02792319452732e-05i,-2.45355272943837e-05-1.47206620760604e-06i,-1.41114806196979e-05-2.95012899402052e-05i,2.85831414434483e-06+2.10271864282555e-05i,-4.25168533622322e-07+7.59479612946087e-06i,2.04149670308946e-06+2.5112860922757e-06i,5.19992861027051e-06+8.1458038889976e-06i
0.0269015523611906+6.79629884435626e-10i,0.0116526780939295-3.38439063135152e-10i,0.00355171940620284+0i,0.000900111020177317+2.5853941208109e-10i,0.000176030596991657-7.55614449268771e-11i,-8.54254190889556e-05+3.86170376892452e-10i,-1.05224817716921e-05+1.4081559719191e-10i,-1.87606957120719e-05+1.61879075393017e-10i,-1.97802610670866e-05-1.09908725182996e-10i,8.28007110194308e-06+6.18331935166387e-11i,1.57235414730637e-07-2.52021937975693e-11i,2.51593012646972e-06-2.63353228820502e-10i,4.93954817191788e-06+3.42136000384774e-11i,0.0121843843234036+1.44886107138853e-08i,-0.00497781858563451-1.49665007852162e-09i,0.00162805363835735-2.0606827644519e-10i,-0.000278897088960468-6.96601534329126e-12i,2.71171507299156e-05-7.13572853907554e-11i,4.19458075116548e-05-4.29724392417113e-10i,-1.75664864701046e-06+3.73970395311217e-10i,-3.34585659028313e-06+6.80963380884064e-11i,3.55351035712963e-07-4.21808276591524e-11i,-4.77217599336314e-06+7.52253367990935e-12i,-6.46326258272513e-07-1.31464320695259e-10i,1.61311237680709e-06-5.22999934289536e-13i,1.69597022471593e-07+4.00379198166477e-11i,0.0161171377616684-0.00603212957899069i,-0.00228859918792003-0.00700876215947175i,-0.0021212023814166+0.000593042847148904i,0.000205256710683058+0.000425707258854753i,6.10917604232906e-05-5.24786347369263e-05i,-3.16044383995368e-07+6.08323456599849e-05i,5.7120004531944e-06+9.86829702036253e-06i,-6.28472556487424e-06+1.09196557391828e-06i,-3.93019609747299e-06+7.92733545309411e-06i,1.07810093209188e-06-6.47244578669066e-06i,-1.79777803152681e-07-2.40196203919311e-06i,3.9251928353787e-07-8.68035309198305e-07i,1.52863248994977e-06-2.23983977567017e-06i,0.0161171481214546+0.00603211415420263i,-0.0022885883938332+0.00700877014819707i,-0.00212120539506486-0.000593039284401795i,0.000205255467704646-0.000425708375052878i,6.10918312881626e-05+5.24783426470515e-05i,-3.15918778094063e-07-6.08322890664775e-05i,5.71218139780252e-06-9.86815989853921e-06i,-6.28476392578637e-06-1.09189574280524e-06i,-3.93030625523647e-06-7.9270725450594e-06i,1.07824274909549e-06+6.47236308352321e-06i,-1.79803038488371e-07+2.40192230518622e-06i,3.92818792020591e-07+8.68068530040718e-07i,1.52869181546706e-06+2.23975880423831e-06i
0.00685077717440989-1.50302151670507e-09i,0.00296204460564702-1.00399511860135e-09i,0.000900111020177317-2.5853941208109e-10i,0.000239152454198479+0i,4.89693338293191e-05-4.04000518002047e-11i,-2.05715871591888e-05+1.27289900209e-10i,-2.47324455036568e-06+2.15146054772033e-11i,-5.89485549419706e-06+4.95698466840623e-11i,-5.80022397806181e-06-3.5065858018321e-11i,1.91475155025857e-06+1.81561494613973e-11i,-2.67540604132011e-08-2.01804473684191e-12i,8.61671062131849e-07-8.57469763383414e-11i,1.41336351549108e-06+1.57993099368053e-11i,0.00202723593675598+4.6400697058821e-09i,-0.000795624070597204-5.04487309419587e-10i,0.000278897105666334-5.65323430185797e-11i,-3.7265360570936e-05+1.04850579981844e-11i,3.64249067577732e-07-4.54994432879026e-11i,7.24945441604968e-06-1.14745781801622e-10i,-2.94734517539128e-07+1.24100046714191e-10i,-1.30408804349989e-06+2.45096051378539e-11i,8.26348147750149e-07+1.40350508263132e-12i,-9.17309112933747e-07-2.7552962242691e-12i,-1.34873616926157e-07-4.56845551244943e-11i,4.72213914762451e-07-9.06210644265771e-12i,-1.72392785975932e-07+7.7539714131006e-12i,0.00324377510015086-0.00203214590424619i,-0.000783396908623838-0.00142274696946168i,-0.000425706699148731+0.000205256644992454i,7.06251104100351e-05+8.08578689107846e-05i,1.04873625001636e-05-1.80227954988613e-05i,3.83363854195825e-07+1.29110188447101e-05i,1.21894232318965e-06+2.93205349749374e-06i,-2.21070397392374e-06+7.9200941710358e-07i,-4.55211631860648e-07+2.71227227083924e-06i,3.06640375745869e-07-1.40098466809374e-06i,-6.38949917250482e-08-7.23349425121954e-07i,1.66694810783378e-07-2.69280304939048e-07i,2.61663929516723e-07-7.58535247933789e-07i,0.00324377924184203+0.00203214188185123i,-0.000783393590983822+0.00142274974371897i,-0.00042570770155547-0.000205255489381008i,7.06247424316373e-05-8.08582647738752e-05i,1.04874093382913e-05+1.80227217591785e-05i,3.83361065932716e-07-1.29109899304932e-05i,1.21901882878049e-06-2.93204117689948e-06i,-2.21070958259548e-06-7.9200956271542e-07i,-4.55254292589718e-07-2.71220522029943e-06i,3.06691435977367e-07+1.40096346526927e-06i,-6.39147957842913e-08+7.23339981772797e-07i,1.66784774557459e-07+2.6931650342939e-07i,2.61686092459517e-07+7.58515299316951e-07i
0.00134784833379728+4.68928915958675e-10i,0.00058130059593232+1.5362785708034e-10i,0.000176030596991657+7.55614449268771e-11i,4.89693338293191e-05+4.04000518002047e-11i,1.05517019686688e-05+0i,-3.76580230900788e-06+2.42462789388738e-11i,-4.57290616318115e-07-3.33642860338622e-13i,-1.38779895843111e-06+8.42025432637319e-12i,-1.32381335913957e-06-9.33820738313958e-12i,3.2378775606139e-07+4.49540158018184e-12i,-7.19566021907077e-09-5.50923607608759e-14i,2.098139033476e-07-1.95441444468768e-11i,3.18457682065585e-07+4.9997941455124e-12i,0.000176200107493561+1.59163100127883e-09i,-5.98450293040203e-05-2.09421619786784e-10i,2.7117086780651e-05+9.24005123991469e-12i,-3.6422890500994e-07+1.71703400301435e-12i,-1.32538402056016e-06-1.12849084923744e-11i,7.5749833325662e-07-2.68221398602031e-11i,-3.54137438221739e-08+3.18088549632935e-11i,-3.6099819817438e-07+5.57668279101234e-12i,3.4184807457956e-07+3.30436589606036e-12i,-1.23978192268369e-07-2.50296193573049e-13i,-2.58600618319622e-08-1.16796314461241e-11i,9.79607330986139e-08-4.29956150780598e-12i,-9.21196011842301e-08+9.46238657994448e-13i,0.000467905629635188-0.000506725894880176i,-0.000198376232264639-0.000208159980280992i,-6.10922474772195e-05+5.24790253980042e-05i,1.80229404502349e-05+1.04874962496936e-05i,1.07272280563956e-06-4.56286188466004e-06i,2.35125064006809e-07+2.0307048521987e-06i,1.79116511603103e-07+6.59201350287007e-07i,-5.78091351819038e-07+2.54467730178825e-07i,1.59983284387868e-08+6.73922466291135e-07i,6.18912590267044e-08-2.27487870449565e-07i,-7.71744022896182e-09-1.75015466472232e-07i,5.79992621481354e-08-6.31760681687586e-08i,2.81441154525141e-08-1.85380971796378e-07i,0.000467907093883704+0.000506724724886283i,-0.000198375376958582+0.00020816100419623i,-6.10926110663258e-05-5.247870843946e-05i,1.80228319057309e-05-1.04876324258859e-05i,1.07274441984936e-06+4.56283608070077e-06i,2.35116953914239e-07-2.03070417810259e-06i,1.79140966615845e-07-6.59209811804798e-07i,-5.78086964253852e-07-2.54469993088425e-07i,1.59872566015209e-08-6.73908438029744e-07i,6.19036734050287e-08+2.27485018859013e-07i,-7.72442159168586e-09+1.75017179254225e-07i,5.80171777257555e-08+6.31886794562933e-08i,2.81491408626103e-08+1.85377322128228e-07i
-0.00061289066011385-2.37651755447236e-09i,-0.000276725757841433-1.15729077291611e-09i,-8.54254190889556e-05-3.86170376892452e-10i,-2.05715871591888e-05-1.27289900209e-10i,-3.76580230900788e-06-2.42462789388738e-11i,2.57970427542108e-06+0i,5.48885184917205e-07-8.04090661810525e-13i,3.69706562917747e-07+2.82185762571733e-12i,3.81672492453545e-07+1.14487471595247e-11i,-2.89855811305467e-07-5.56291448957593e-12i,-7.16267481665179e-08-3.28764664324569e-13i,-6.40750721832728e-08+7.56155094488207e-12i,-9.29270789094714e-08-2.53594281659306e-12i,-0.000350728257697563-5.94839472229048e-10i,0.000136382264091164+1.1847054253232e-12i,-4.1945730675018e-05+1.97420984183325e-12i,7.24943063789358e-06+1.89265969861536e-12i,-7.57494240041465e-07+6.21740252516741e-12i,-7.59727155611034e-07+2.09526028096553e-11i,-2.40557692145755e-07-1.35131073642384e-11i,1.48721202723709e-07+1.44230522673631e-12i,1.66980049773898e-08+3.64620117076798e-12i,6.05933593424215e-08+6.27415155132215e-13i,7.30666562355645e-08+4.28615523438277e-12i,-7.06309784051646e-08-7.2386629282978e-12i,-2.2895444413629e-08-2.85889499480107e-13i,-0.000460374486665858+5.16050078077097e-05i,7.05881017354426e-06+0.000198427298466711i,6.08330403106679e-05+3.15624752287151e-07i,-3.83493526433312e-07-1.29111894102895e-05i,-2.03072545272972e-06+2.3514053156354e-07i,5.71813352126417e-07-1.63509304914189e-06i,-1.65979266748349e-07-4.50837476630991e-07i,-1.90894727638889e-08+6.1104603597484e-08i,1.63594698796043e-07-6.65010133230836e-08i,-9.51761829357115e-08+1.69941584520236e-07i,6.38208331643366e-09+9.85962386252063e-08i,3.58956472365619e-08+8.60395060312543e-09i,-5.04272864220425e-08+3.18191625181214e-08i,-0.000460374568517348-5.16039529069823e-05i,7.05844816456557e-06-0.000198427698985845i,6.08332154085661e-05-3.1575879279367e-07i,-3.8341987806521e-07+1.2911235477241e-05i,-2.03072619531602e-06-2.3512830908291e-07i,5.71789987195377e-07+1.63510142608631e-06i,-1.65986083396787e-07+4.5081845950163e-07i,-1.90894458958656e-08-6.11178908875128e-08i,1.63596749421534e-07+6.64826032834818e-08i,-9.5182936334652e-08-1.69940501403742e-07i,6.38409048963285e-09-9.85901770641533e-08i,3.58799741813146e-08-8.595117311844e-09i,-5.04274558297482e-08-3.18114623813786e-08i
-4.62466096420638e-05-9.25995079574597e-10i,-2.97393784634907e-05-4.28243083109647e-10i,-1.05224817716921e-05-1.4081559719191e-10i,-2.47324455036568e-06-2.15146054772033e-11i,-4.57290616318115e-07+3.33642860338622e-13i,5.48885184917205e-07+8.04090661810525e-13i,3.84762889772681e-07+0i,8.05899418842341e-08-3.54979014994886e-12i,4.42694244744403e-08+4.48871717721443e-12i,-5.99491715325552e-08-2.85631601280917e-12i,-8.9488712699236e-08-1.23844398096384e-13i,-3.89755027475884e-08+5.8758329587354e-12i,-3.32900695217002e-09-1.10265188239657e-12i,-4.34939743683589e-05-2.20317277551767e-09i,9.36057858733156e-06+8.83199322865992e-10i,-1.75661063995249e-06-2.53321352082664e-10i,2.94726151816562e-07+6.5069894296259e-11i,-3.54118139020697e-08-8.84850422077942e-12i,2.40558472192491e-07+3.28642714892076e-12i,-2.75730720484666e-07-7.13094745570793e-12i,3.86414768958173e-08-3.50936806978361e-13i,1.171235990579e-09+4.01353684452056e-12i,-3.2647425977931e-08+8.86901865640128e-13i,6.00744948661364e-08+2.02659370257201e-12i,-3.12520591096226e-08-2.97011821844536e-12i,-2.64936535523602e-09+2.32788583388419e-13i,-4.3144015894903e-05-4.99178262847374e-05i,-3.02798293345976e-05+1.86683176376363e-05i,5.71192087904626e-06+9.86831798852783e-06i,2.93206147268231e-06-1.21896012612654e-06i,-1.79128587431137e-07-6.59212619860371e-07i,4.50826831781104e-07-1.65971685051039e-07i,-1.7146707349274e-08-2.95324520905577e-07i,-1.18503496237829e-07+7.84292997975428e-09i,1.18190155349968e-08+8.34139750985076e-08i,-4.46082366835797e-08+2.16383814903536e-08i,-7.24333914873015e-10+6.59387029598301e-08i,4.51558144409561e-08+2.79944244522415e-09i,-5.14131326342856e-09-1.51866453615621e-08i,-4.31457549002403e-05+4.99148665961289e-05i,-3.02785445867172e-05-1.86690985526715e-05i,5.71214619332376e-06-9.86791401299885e-06i,2.93197830896641e-06+1.21903061167383e-06i,-1.7914373743245e-07+6.59195885033488e-07i,4.50806274640724e-07+1.65975547195817e-07i,-1.71460851628316e-08+2.95317488811849e-07i,-1.18501275728156e-07-7.8463555402624e-09i,1.18195771145188e-08-8.34239251897918e-08i,-4.46118791512199e-08-2.16377416128912e-08i,-7.24397544791178e-10-6.59392715017572e-08i,4.51469539277353e-08-2.79816231130679e-09i,-5.14087667409635e-09+1.51900326453458e-08i
-0.000139537701020884-9.83398266695598e-10i,-6.08925116193429e-05-4.03691229139503e-10i,-1.87606957120719e-05-1.61879075393017e-10i,-5.89485549419706e-06-4.95698466840623e-11i,-1.38779895843111e-06-8.42025432637321e-12i,3.69706562917747e-07-2.82185762571733e-12i,8.05899418842341e-08+3.54979014994886e-12i,2.48869835076872e-07+0i,1.95445241250834e-07+4.47742395713362e-12i,-3.33435522065355e-08-1.79894722299419e-12i,-4.18357025794425e-09-9.85365673978969e-13i,-4.55836499094841e-08+4.81618603972726e-12i,-4.62298134679829e-08-1.58292285344341e-12i,2.64233832005889e-05-2.28684397188574e-09i,-1.52243931282079e-05+8.00104594149044e-10i,3.34585808830852e-06-2.45902645674448e-10i,-1.3040849505032e-06+7.94708234089922e-11i,3.60995586999608e-07-1.586238969898e-11i,1.48720543017028e-07+4.59055214480392e-12i,-3.86409473691036e-08-8.57813716447082e-12i,4.55559070970285e-08-4.81658978509428e-12i,-6.64566653016118e-08+2.59502406669306e-12i,-1.08048014345786e-08+6.2957064325576e-13i,1.41894231077287e-08+3.23624683769795e-12i,-1.49399259084745e-08+4.94843862130431e-13i,2.09801024010398e-08-4.2956632822883e-13i,6.84721679794693e-06+6.57807576850776e-05i,2.45369173389954e-05-1.47311128790706e-06i,-1.09218872693709e-06-6.28517223892348e-06i,-2.21086257390854e-06+7.92073191650692e-07i,2.54483945454023e-07+5.78125353804254e-07i,1.90878981774858e-08-6.11003884118697e-08i,-7.83645233103096e-09-1.18504316385331e-07i,6.47174428356668e-08-6.89787477830522e-08i,-4.44310266873751e-08-8.46500988843594e-08i,-1.87722291504833e-08+1.19740319266156e-08i,3.97714705354384e-09+3.32188697981217e-08i,-3.48492749281487e-09+1.10015962873576e-08i,6.49378178958486e-09+2.53563692778257e-08i,6.84524484760891e-06-6.57795448358499e-05i,2.45364005871636e-05+1.47212328975907e-06i,-1.0918871565461e-06+6.28495395321662e-06i,-2.21076787981523e-06-7.91971451120686e-07i,2.544609053251e-07-5.78100806746083e-07i,1.90865983529849e-08+6.11078145861532e-08i,-7.84503669731629e-09+1.18509040254684e-07i,6.471140789415e-08+6.89773849852053e-08i,-4.44260612777221e-08+8.46413627081846e-08i,-1.87760640221326e-08-1.19744185864294e-08i,3.97991499954223e-09-3.32201794823395e-08i,-3.49006920551099e-09-1.10043655006402e-08i,6.49198879508741e-09-2.53541551029405e-08i
-0.000153882706655505+3.92492070624944e-10i,-6.57310250162848e-05+3.23442259860076e-10i,-1.97802610670866e-05+1.09908725182996e-10i,-5.80022397806181e-06+3.5065858018321e-11i,-1.32381335913957e-06+9.33820738313958e-12i,3.81672492453545e-07-1.14487471595247e-11i,4.42694244744403e-08-4.48871717721443e-12i,1.95445241250834e-07-4.47742395713362e-12i,1.91954486592715e-07+0i,-2.82627482189101e-08+2.05577481682157e-13i,-7.49648191803563e-09+1.68179250352572e-12i,-3.26279374237885e-08+4.74681798770252e-12i,-4.85851954119562e-08-5.30728609294863e-13i,8.37464096675573e-06-1.10276199696783e-09i,-5.2717132446935e-06+5.47766941947503e-10i,3.55349317554773e-07-1.68526372650966e-10i,-8.26349626071604e-07+4.66235471620542e-11i,3.41848130041224e-07-8.36364994802702e-12i,-1.66997940608043e-08-4.08623902007619e-12i,1.17225566358508e-09-9.28043820970164e-13i,6.64575699414569e-08-3.37822252574594e-12i,-7.41142510162263e-08+1.87074772179164e-12i,8.74391628591661e-09+1.53362094212163e-12i,5.22282708494504e-09+6.38328571960941e-13i,-1.61621007982724e-08+1.3024684094396e-12i,2.37161453475112e-08-5.40243189357095e-13i,-3.05180038683964e-05+7.33840998605543e-05i,2.95022525683615e-05+1.41110555399413e-05i,3.93019981129568e-06-7.92735585370794e-06i,-2.71229707374135e-06-4.5523285281417e-07i,1.59940115401135e-08+6.73927817490622e-07i,-6.64889842565783e-08-1.63594498034301e-07i,-1.18199035073255e-08-8.34197591378893e-08i,8.46429234127623e-08-4.44248346416006e-08i,-1.5784243107969e-08-8.84333867042124e-08i,-6.19511463334918e-09+1.93506590099627e-08i,2.11029373256362e-09+3.07592757001598e-08i,-8.96802846079454e-09+9.3243567095938e-09i,-3.5742333119014e-10+2.32637908982676e-08i,-3.05178594425548e-05-7.3384457357484e-05i,2.9502353488952e-05-1.41107353468149e-05i,3.93007223987563e-06+7.92737969376429e-06i,-2.71229749382633e-06+4.55202008387812e-07i,1.60002050230364e-08-6.73926791995871e-07i,-6.64897890632578e-08+1.63580178534501e-07i,-1.18141994494461e-08+8.34252296508398e-08i,8.46418154697538e-08+4.44305568404466e-08i,-1.57857853196051e-08+8.84299586194224e-08i,-6.19796389923698e-09-1.93479450517059e-08i,2.10851069566765e-09-3.07619061017675e-08i,-8.97175177600278e-09-9.32890821860626e-09i,-3.57226915011913e-10-2.32629456031352e-08i
5.73883946480387e-05-1.96922742297798e-10i,2.6512537040431e-05-1.66437074248187e-10i,8.28007110194308e-06-6.18331935166387e-11i,1.91475155025857e-06-1.81561494613973e-11i,3.2378775606139e-07-4.49540158018184e-12i,-2.89855811305467e-07+5.56291448957593e-12i,-5.99491715325552e-08+2.85631601280917e-12i,-3.33435522065355e-08+1.79894722299419e-12i,-2.82627482189101e-08-2.05577481682157e-13i,4.20104645598162e-08+0i,7.71559395489174e-09-7.98035418647972e-13i,2.36614839541972e-09-1.72916745626495e-12i,6.76062769520399e-09+1.30194275361083e-13i,4.16680526319561e-05+1.35452014918508e-10i,-1.59677239199109e-05-1.55626211638981e-10i,4.77215500086488e-06+5.69932563609293e-11i,-9.17301400206212e-07-1.67060582870129e-11i,1.23976500234168e-07+2.05367796390326e-12i,6.05933103906494e-08+2.59367038511868e-12i,3.26472206765085e-08-1.68171164586324e-12i,-1.08049951488244e-08+1.49747933489608e-12i,-8.74362825919428e-09-1.51062301088368e-12i,1.65875327333843e-09-1.37014252164517e-12i,-1.05645501374233e-08+3.09079468382894e-13i,4.19119658347152e-09+8.30628216947231e-13i,5.57887693718018e-09+2.92169511046565e-13i,4.88844015964582e-05+2.31838918015309e-06i,2.85809904496017e-06-2.10279829530743e-05i,-6.47261841761848e-06-1.07816416287153e-06i,-3.06663980391618e-07+1.401033338241e-06i,2.27497302397224e-07+6.18985474843251e-08i,-9.51787235086762e-08+1.69947196295068e-07i,2.16421708859358e-08+4.46122942514934e-08i,1.87744734442937e-08-1.19761077967741e-08i,-1.93515821496511e-08-6.19437999903201e-09i,1.68097756354574e-08-1.76756053632164e-08i,-2.34171757885988e-09-9.37509657184417e-09i,-4.55883295073112e-09+7.13900301048373e-10i,5.33248894163417e-09-3.32128042654541e-10i,4.88837648479575e-05-2.3181941735972e-06i,2.85801443916659e-06+2.1027535666289e-05i,-6.47246618029873e-06+1.07813288045468e-06i,-3.066554565891e-07-1.40098617000379e-06i,2.27486861147241e-07-6.18945123979876e-08i,-9.51747645782227e-08-1.69937900272356e-07i,2.16373764247128e-08-4.46089836892299e-08i,1.87730723742464e-08+1.19743747535488e-08i,-1.93494999195791e-08+6.19683147207976e-09i,1.6811033956922e-08+1.76735971069935e-08i,-2.34044264902495e-09+9.3738695096775e-09i,-4.55599828768159e-09-7.14345982926132e-10i,5.33196958542069e-09+3.3038793076941e-10i
-5.46968632596449e-06+1.73128389712365e-10i,-3.66596286400093e-07+7.48918278423001e-11i,1.57235414730637e-07+2.52021937975693e-11i,-2.67540604132011e-08+2.01804473684191e-12i,-7.19566021907077e-09+5.50923607608759e-14i,-7.16267481665179e-08+3.28764664324569e-13i,-8.9488712699236e-08+1.23844398096384e-13i,-4.18357025794425e-09+9.85365673978969e-13i,-7.49648191803563e-09-1.68179250352572e-12i,7.71559395489174e-09+7.98035418647972e-13i,3.39632018214092e-08+0i,8.42333236280653e-09-1.91365100620828e-12i,4.05006009398941e-11+4.94544111821088e-13i,1.70928655249473e-06+5.47176386450998e-10i,1.05903556414845e-06-2.25532412157222e-10i,-6.46331291825306e-07+6.50550297434451e-11i,1.34875148628423e-07-1.85770387576581e-11i,-2.58606949849311e-08+2.94205277950366e-12i,-7.30663684923457e-08-1.10676583279496e-12i,6.00740861089498e-08+1.80819515806092e-12i,-1.41899042209628e-08+6.56999409175063e-14i,5.22312346304896e-09-9.96683017475885e-13i,1.05647019663373e-08-1.20374582644221e-13i,-1.02918481888925e-08-6.48487084181196e-13i,7.65726708155445e-09+6.54278273848378e-13i,-2.57349010053965e-09-2.1060446236429e-13i,1.07764849057011e-06+1.37284519336537e-05i,7.59474389372659e-06-4.24116044367966e-07i,-1.79485551084027e-07-2.40190974715859e-06i,-7.23328055421413e-07+6.38429513050464e-08i,7.71243344561205e-09+1.75012269792431e-07i,-9.8594068849375e-08+6.37390983325634e-09i,-7.24595082938655e-10+6.59405195105247e-08i,3.3218657096155e-08-3.97906898511994e-09i,-2.10938706759891e-09-3.07573802395333e-08i,9.37424647002296e-09-2.33988850739109e-09i,-9.21746495180852e-10-1.89321168503384e-08i,-1.20301954001638e-08-1.0047043121132e-09i,1.16390447854192e-09+8.05284468044077e-09i,1.0779885275812e-06-1.37279000783544e-05i,7.59449745180126e-06+4.24242209485231e-07i,-1.7951918080404e-07+2.40183225390297e-06i,-7.23313199466409e-07-6.38511303600472e-08i,7.71511190300163e-09-1.75009827749795e-07i,-9.85891943364328e-08-6.37414708117095e-09i,-7.25088518689411e-10-6.59405253713669e-08i,3.32186164263269e-08+3.97892897412485e-09i,-2.10927127970737e-09+3.07609929554565e-08i,9.37554236050042e-09+2.33983587780994e-09i,-9.2192800274822e-10+1.89333740357653e-08i,-1.20277558745008e-08+1.00519552743021e-09i,1.16359457789039e-09-8.05406555097638e-09i
1.6768494252791e-05+1.34874550338362e-09i,7.96248626849505e-06+6.98800185015239e-10i,2.51593012646972e-06+2.63353228820502e-10i,8.61671062131849e-07+8.57469763383414e-11i,2.098139033476e-07+1.95441444468768e-11i,-6.40750721832728e-08-7.56155094488207e-12i,-3.89755027475884e-08-5.8758329587354e-12i,-4.55836499094841e-08-4.81618603972726e-12i,-3.26279374237885e-08-4.74681798770252e-12i,2.36614839541972e-09+1.72916745626495e-12i,8.42333236280653e-09+1.91365100620828e-12i,1.68031750104174e-08+0i,7.40463342054585e-09+8.95623126338568e-13i,-1.05343333138618e-05+1.23257742468954e-09i,5.7090604153103e-06-2.68922891429495e-10i,-1.61308473039719e-06+8.24719420422375e-11i,4.72202890969992e-07-3.63156600996619e-11i,-9.7957646630358e-08+9.90809829834324e-12i,-7.06305330943181e-08-9.24570285272006e-12i,3.12519316091207e-08+6.81532942228293e-12i,-1.49395336794203e-08+6.7617015865495e-13i,1.61615653243453e-08-1.49726592148797e-12i,4.19120681893893e-09+1.51452564941432e-12i,-7.65722115240867e-09-1.83895384469371e-12i,1.03530147423409e-08+7.82163792315092e-13i,-5.26975951519711e-09-1.00999212379811e-13i,-6.35225095115539e-06-7.48882126433233e-06i,-2.04270659048218e-06+2.51207502610994e-06i,8.6829650485442e-07+3.93165952733487e-07i,1.66910846599189e-07-2.69369396022917e-07i,-6.31972691020654e-08-5.8050200728574e-08i,-3.58841206798389e-08-8.61037489316326e-09i,-2.8049292713236e-09+4.51525245814711e-08i,-3.4946832149066e-09+1.10064589825543e-08i,9.3294093128017e-09+8.97762467423055e-09i,4.55694038799849e-09-7.12504463643408e-10i,1.00682022634473e-09-1.2028747445738e-08i,-6.66785334307674e-09-2.06229685683905e-09i,-1.41746040911362e-09-3.46714708385575e-09i,-6.3503602242063e-06+7.48646482868632e-06i,-2.0417849485511e-06-2.51091399294255e-06i,8.67916082225419e-07-3.92826846527219e-07i,1.66787856150378e-07+2.69251860052566e-07i,-6.31724789238402e-08+5.80186797450033e-08i,-3.58843635955768e-08+8.59176304216216e-09i,-2.79498780134619e-09-4.51548186959719e-08i,-3.48798400670121e-09-1.10001192035283e-08i,9.32471273574946e-09-8.97105518701202e-09i,4.55781262673386e-09+7.15363651195423e-10i,1.0038441177693e-09+1.20296431551848e-08i,-6.66703699730774e-09+2.06091335602486e-09i,-1.41642111591768e-09+3.46636497086957e-09i
3.93538567711549e-05-1.53146872346525e-10i,1.66086594807709e-05-9.6292181919734e-11i,4.93954817191788e-06-3.42136000384774e-11i,1.41336351549108e-06-1.57993099368053e-11i,3.18457682065585e-07-4.9997941455124e-12i,-9.29270789094714e-08+2.53594281659306e-12i,-3.32900695217002e-09+1.10265188239657e-12i,-4.62298134679829e-08+1.58292285344341e-12i,-4.85851954119562e-08+5.30728609294863e-13i,6.76062769520399e-09-1.30194275361083e-13i,4.05006009398941e-11-4.94544111821088e-13i,7.40463342054585e-09-8.95623126338568e-13i,1.42908506174517e-08+0i,-7.10122735955882e-07+5.58128122549178e-10i,4.33247656718119e-07-2.64376015761503e-10i,1.69606957827122e-07+7.5840915893702e-11i,1.72390858816945e-07-1.78689090193006e-11i,-9.21187993131776e-08+3.46114897699239e-12i,2.28959971072657e-08+2.34765573293293e-12i,-2.64967942134611e-09+5.00426630117503e-13i,-2.09801920244971e-08+5.50096144754912e-13i,2.37159092995177e-08-5.99021269681876e-13i,-5.57906085039971e-09-6.01766884048168e-13i,-2.57330012233565e-09-3.20313681642078e-13i,5.27001161545001e-09+3.07025102484438e-14i,-7.38638073141722e-09+2.29848972308547e-13i,1.16962441704933e-05-1.95005695982782e-05i,-8.14600869308991e-06-5.20107008815188e-06i,-1.52905367323152e-06+2.23982340439351e-06i,7.58536903861031e-07+2.61760494762152e-07i,2.81596957992872e-08-1.85382602980552e-07i,3.18163789647936e-08+5.04379563245073e-08i,5.14286388072579e-09+1.51869854404256e-08i,-2.53554374232809e-08+6.49180661314196e-09i,-3.58452668742186e-10+2.32643991192307e-08i,-3.31903951336674e-10-5.33345197617583e-09i,-1.164018276546e-09-8.05268741537002e-09i,3.46539665009642e-09-1.41668478706906e-09i,6.87779979588834e-10-6.16146999482967e-09i,1.16965753019253e-05+1.95014512984736e-05i,-8.14636405805246e-06+5.20114395546884e-06i,-1.52906416046095e-06-2.23993682642285e-06i,7.58565496291581e-07-2.61768188296293e-07i,2.81620886976447e-08+1.8538810115437e-07i,3.18184629803076e-08-5.043468756247e-08i,5.1416725780161e-09-1.51890446308106e-08i,-2.53557370644258e-08-6.49225432816252e-09i,-3.5872843066011e-10-2.32643353839905e-08i,-3.31275758790587e-10+5.33245026551763e-09i,-1.16361785659078e-09+8.05389927469605e-09i,3.46633552696976e-09+1.41702587182688e-09i,6.87893287624805e-10+6.16160153518923e-09i
0.0875348419562336+2.46443452935659e-09i,0.0366828506231235-2.8342440721457e-08i,0.0121843843234036-1.44886107138853e-08i,0.00202723593675598-4.6400697058821e-09i,0.000176200107493561-1.59163100127883e-09i,-0.000350728257697563+5.94839472229048e-10i,-4.34939743683589e-05+2.20317277551767e-09i,2.64233832005889e-05+2.28684397188574e-09i,8.37464096675573e-06+1.10276199696783e-09i,4.16680526319561e-05-1.35452014918508e-10i,1.70928655249473e-06-5.47176386450998e-10i,-1.05343333138618e-05-1.23257742468954e-09i,-7.10122735955882e-07-5.58128122549178e-10i,0.207769760096944+0i,-0.0889331915278104-1.21859426103521e-12i,0.0269015523660615+1.83834179287145e-10i,-0.00685077728314888-2.90290674175862e-09i,0.00134784798247441+2.25732751043155e-09i,0.000612890286031448-1.60434695532779e-09i,-4.62466298539029e-05-5.31856229029698e-10i,0.000139538181051904+1.69545064175211e-09i,-0.000153882713593147-1.00979760066359e-09i,-5.73882335477121e-05+1.14925109627822e-09i,-5.46973235240361e-06+3.2087827945977e-10i,-1.67687917970918e-05-2.05642760257173e-09i,3.93538755379565e-05+3.3322404372288e-10i,0.122379253547589+0.0553326918114754i,0.022349828668857-0.0532046381312022i,-0.0161171392500705-0.0060320909453257i,-0.00203213394200609+0.00324378061552056i,0.000467901718397849+0.000506718398233258i,-5.16009470867379e-05+0.00046036807286491i,4.31457889064627e-05-4.99159602175962e-05i,6.57772103467825e-05+6.8443168330487e-06i,-3.05191529171465e-05-7.33819235750519e-05i,-2.3180432724616e-06-4.88830110285219e-05i,-1.08050447758151e-06+1.37290334838366e-05i,-7.48446143421934e-06-6.34983010776799e-06i,1.16933189574688e-05+1.95005581017595e-05i,0.122379274707965-0.0553327166241967i,0.0223498688683563+0.0532046164528107i,-0.0161171270455282+0.0060321015107474i,-0.00203213757928484-0.00324377373120291i,0.000467898908905913-0.000506722365294369i,-5.16013095194736e-05-0.00046036856655949i,4.31444113951608e-05+4.9916737403888e-05i,6.577680235349e-05-6.84739086172818e-06i,-3.05179385616861e-05+7.33827830387949e-05i,-2.31897346808094e-06+4.88833049422183e-05i,-1.07935418391431e-06-1.37285415303014e-05i,-7.48525592406702e-06+6.35231329375525e-06i,1.16934188120465e-05-1.95003133629841e-05i
-0.0366828585317686-3.52216574882555e-08i,-0.0150791310047519-2.66143345984653e-09i,-0.00497781858563451+1.49665007852162e-09i,-0.000795624070597204+5.04487309419587e-10i,-5.98450293040203e-05+2.09421619786784e-10i,0.000136382264091164-1.1847054253232e-12i,9.36057858733156e-06-8.83199322865992e-10i,-1.52243931282079e-05-8.00104594149044e-10i,-5.2717132446935e-06-5.47766941947503e-10i,-1.59677239199109e-05+1.55626211638981e-10i,1.05903556414845e-06+2.25532412157222e-10i,5.7090604153103e-06+2.68922891429495e-10i,4.33247656718119e-07+2.64376015761503e-10i,-0.0889331915278104+1.21859426103521e-12i,0.0384253039586427+0i,-0.0116526781354335-5.68005647466004e-10i,0.00296204459765469+1.33064481972281e-09i,-0.000581300418316598-1.18074104067141e-09i,-0.000276725585883408+4.54871545674564e-10i,2.97393948189578e-05+3.81049901978018e-10i,-6.08927171922492e-05-6.85128786116712e-10i,6.5731031330281e-05+3.35014565549812e-10i,2.65124711475805e-05-5.33309987356244e-10i,3.66611034818978e-07-1.771553231841e-10i,7.96261593815967e-06+9.38140222077506e-10i,-1.66086687211382e-05-1.40539671718877e-10i,-0.0532046827778914-0.0223498777250822i,-0.00868839435226323+0.0230975980207129i,0.00700877258920093+0.002288584628108i,0.000783392193003555-0.00142275252687102i,-0.000208159131212125-0.000198372935427023i,7.05714313338899e-06-0.000198424808911856i,-1.86691278890787e-05+3.0279337607238e-05i,-2.45354031707556e-05-1.47166798474235e-06i,1.41114908706455e-05+2.95015801184276e-05i,2.85789571925996e-06+2.10273062002598e-05i,4.25329158600204e-07-7.59502449273422e-06i,2.04073129889573e-06+2.51087784571659e-06i,-5.19979421914773e-06-8.14605354667784e-06i,-0.0532046574006158+0.0223499131566939i,-0.00868841908960771-0.0230975748696129i,0.00700876365322293-0.00228859196166371i,0.000783394824278733+0.00142274834701046i,-0.000208157748275443+0.000198375107586275i,7.05754389860967e-06+0.000198425048928401i,-1.86686277213778e-05-3.02794476844683e-05i,-2.45353920661654e-05+1.47298084562424e-06i,1.41109993174549e-05-2.95016546846341e-05i,2.85848158047277e-06-2.10274336994216e-05i,4.24867206515507e-07+7.59474005334793e-06i,2.0414200331294e-06-2.51186791022461e-06i,-5.199847446025e-06+8.14580266470691e-06i
0.0121843875638323+1.64906182385044e-08i,0.00497781897219113+2.99925597643307e-09i,0.00162805363835735+2.0606827644519e-10i,0.000278897105666334+5.65323430185797e-11i,2.7117086780651e-05-9.24005123991469e-12i,-4.1945730675018e-05-1.97420984183325e-12i,-1.75661063995249e-06+2.53321352082664e-10i,3.34585808830852e-06+2.45902645674448e-10i,3.55349317554773e-07+1.68526372650966e-10i,4.77215500086488e-06-5.69932563609293e-11i,-6.46331291825306e-07-6.50550297434451e-11i,-1.61308473039719e-06-8.24719420422375e-11i,1.69606957827122e-07-7.5840915893702e-11i,0.0269015523660615-1.83834179287145e-10i,-0.0116526781354335+5.68005647466004e-10i,0.00355171944701131+0i,-0.000900111016232665-3.16180183262478e-10i,0.000176030545005335+3.36966644798939e-10i,8.54253704174237e-05-1.37918610747666e-10i,-1.05224873406156e-05-9.04316083819721e-11i,1.87607557945484e-05+2.19609431011504e-10i,-1.97802658927977e-05-7.1497910402126e-11i,-8.28005416650838e-06+1.71306254077832e-10i,1.57232096209652e-07+3.94312767675989e-11i,-2.5159654057075e-06-3.19849763128152e-10i,4.93955123019752e-06+4.03999227955024e-11i,0.0161171512631145+0.0060321154427565i,0.00228858881788821-0.00700877093274599i,-0.00212120553440474-0.000593039482750627i,-0.000205255523512083+0.000425708516786983i,6.1092011641644e-05+5.24780885186134e-05i,3.16131308937463e-07+6.08322588108058e-05i,5.71210361948561e-06-9.86822300497709e-06i,6.28471165376978e-06+1.09172561256286e-06i,-3.93030735419362e-06-7.92720658384541e-06i,-1.07810074916013e-06-6.47239481376188e-06i,-1.79842918321424e-07+2.4019981210192e-06i,-3.92550183979771e-07-8.67895014966912e-07i,1.52864407612227e-06+2.23985512356785e-06i,0.0161171367896701-0.00603212531296114i,0.00228859656240894+0.00700876138870442i,-0.00212120219465319+0.000593041894150327i,-0.000205256408570868-0.000425707047476843i,6.10915496638012e-05-5.24788131976574e-05i,3.15936346266176e-07-6.08323212670577e-05i,5.71201362761134e-06+9.86820610795261e-06i,6.28472996215795e-06-1.09216992279798e-06i,-3.93017181169448e-06+7.92719771488747e-06i,-1.0782917075124e-06+6.47243489851217e-06i,-1.79723114277021e-07-2.40189445997457e-06i,-3.92792975609471e-07+8.68237414367032e-07i,1.52867207490082e-06-2.23975770607689e-06i
-0.00202723668976631-5.38200530760636e-09i,-0.000795624126364785-7.92687568019921e-10i,-0.000278897088960468+6.96601534329126e-12i,-3.7265360570936e-05-1.04850579981844e-11i,-3.6422890500994e-07-1.71703400301435e-12i,7.24943063789358e-06-1.89265969861536e-12i,2.94726151816562e-07-6.5069894296259e-11i,-1.3040849505032e-06-7.94708234089922e-11i,-8.26349626071604e-07-4.66235471620542e-11i,-9.17301400206212e-07+1.67060582870129e-11i,1.34875148628423e-07+1.85770387576581e-11i,4.72202890969992e-07+3.63156600996619e-11i,1.72390858816945e-07+1.78689090193006e-11i,-0.00685077728314888+2.90290674175862e-09i,0.00296204459765469-1.33064481972281e-09i,-0.000900111016232665+3.16180183262478e-10i,0.000239152450021257+0i,-4.89693157100101e-05-6.2221352613715e-11i,-2.05715684080247e-05+4.23707329254729e-11i,2.47324354557825e-06+2.41023500500506e-11i,-5.8948708798075e-06-7.48492567174822e-11i,5.80022734396373e-06+1.13041884122232e-11i,1.91474532006314e-06-5.17517670673952e-11i,2.67544426774687e-08-8.83508102199621e-12i,8.61681599482302e-07+1.11025224371848e-10i,-1.41336487766883e-06-6.73705811031566e-12i,-0.0032437815782747-0.00203214153386198i,-0.000783393496318656+0.00142275072261801i,0.000425707983364248+0.000205255497315509i,7.06247504653065e-05-8.08583780098127e-05i,-1.04874727245658e-05-1.8022638455194e-05i,3.83302941230938e-07-1.29109936576445e-05i,-1.21897820645164e-06+2.93205772663378e-06i,-2.21069477002049e-06-7.91926769305964e-07i,4.55255963326946e-07+2.71223777493841e-06i,3.06645842573777e-07+1.40096808293105e-06i,6.39163521467048e-08-7.23365727607382e-07i,1.66700683902486e-07+2.69235142354179e-07i,-2.61670536848198e-07-7.58540981323477e-07i,-0.00324377349641728+0.00203214572278984i,-0.000783396583894187-0.00142274599192577i,0.000425706401467382-0.000205256489231097i,7.06250559280744e-05+8.08577348218294e-05i,-1.0487289313704e-05+1.80228626282369e-05i,3.83398994149586e-07+1.29109972045158e-05i,-1.21895842233808e-06-2.93202975305445e-06i,-2.21070533258751e-06+7.92102116748988e-07i,4.55201922365701e-07-2.71224245031809e-06i,3.06697519860854e-07-1.40098778503794e-06i,6.38864612961623e-08+7.23324528003297e-07i,1.66776113271404e-07-2.69371702001963e-07i,-2.61676564787803e-07+7.58514155239509e-07i
0.000176200817010825+1.3148043156975e-09i,5.9845278482425e-05+3.35569144156025e-10i,2.71171507299156e-05+7.13572853907554e-11i,3.64249067577732e-07+4.54994432879026e-11i,-1.32538402056016e-06+1.12849084923744e-11i,-7.57494240041465e-07-6.21740252516741e-12i,-3.54118139020697e-08+8.84850422077942e-12i,3.60995586999608e-07+1.586238969898e-11i,3.41848130041224e-07+8.36364994802702e-12i,1.23976500234168e-07-2.05367796390326e-12i,-2.58606949849311e-08-2.94205277950366e-12i,-9.7957646630358e-08-9.90809829834324e-12i,-9.21187993131776e-08-3.46114897699239e-12i,0.00134784798247441-2.25732751043155e-09i,-0.000581300418316598+1.18074104067141e-09i,0.000176030545005335-3.36966644798939e-10i,-4.89693157100101e-05+6.2221352613715e-11i,1.05516917060222e-05+0i,3.76579660254004e-06-2.41116387826352e-11i,-4.57288485877893e-07-9.96661628994257e-13i,1.38780163237413e-06+1.76211823332353e-11i,-1.32381292091749e-06-2.10622595523428e-12i,-3.23786268605078e-07+1.32485192093153e-11i,-7.19655379208832e-09+2.00986798340316e-12i,-2.09816320312304e-07-2.62636623000299e-11i,3.1845795018296e-07+7.12829663522097e-13i,0.000467907362745193+0.000506722700494662i,0.000198374532414436-0.000208160860464067i,-6.10925398090812e-05-5.24784617306828e-05i,-1.80227711295647e-05+1.04876169402779e-05i,1.07275399577668e-06+4.56280763192074e-06i,-2.35102583493394e-07+2.03069327064411e-06i,1.79125661693767e-07-6.59205785111257e-07i,5.7808534591401e-07+2.5444862925119e-07i,1.5985551904379e-08-6.73913114086754e-07i,-6.18932975102342e-08-2.2748276474966e-07i,-7.72396300264747e-09+1.75019222963741e-07i,-5.79995169544075e-08-6.31660831973726e-08i,2.81458417078046e-08+1.85381987683402e-07i,0.000467905778552226-0.000506726929701595i,0.000198376640511078+0.000208160220736408i,-6.10923454696494e-05+5.24791494516389e-05i,-1.80229574016872e-05-1.04875147639009e-05i,1.07271355236764e-06-4.56287882120993e-06i,-2.35135005992055e-07-2.03071184268545e-06i,1.79128482900431e-07+6.59202065537656e-07i,5.78088976573894e-07-2.54492338802165e-07i,1.60012230145645e-08+6.73918474921269e-07i,-6.19035695476264e-08+2.27492043276281e-07i,-7.71831044009901e-09-1.75012477159023e-07i,-5.80153446201847e-08+6.32014636409289e-08i,2.81458470121748e-08-1.85377377027293e-07i
