0.0871923296036434+0i,0.0891270839534511-1.20321540493883e-10i,0.0649454254352438+1.92369059462375e-10i,0.035794255908708-5.03450923190521e-10i,0.0210667839592728-2.02295126994651e-09i,0.0101811010842258-2.01055414946739e-09i,0.00233143451978623-1.34499661368282e-09i,-0.000881651714828346-2.4826364862664e-09i,-0.00208175859694285-3.72827764385224e-09i,-0.00262091352999152-4.25793024032491e-09i,-0.00156562925402901-6.55414756933814e-09i,-0.000312973589152859-7.55434492364399e-09i,-3.42437115564955e-05-3.80452288829978e-09i,0.0681289332023222+8.11655384412421e-10i,-0.0684657392400621-6.32111283100911e-10i,0.0489851531725432-5.42232924393974e-11i,-0.0249838181007078-1.25904021597983e-10i,0.0143047348240564+6.20105178871923e-10i,-0.00712967975601696-9.97221742052842e-11i,0.00151673405013942-7.56914322278651e-10i,0.000908679203210133+8.46943351259241e-10i,-0.00153063208965854-6.78288949876703e-10i,0.00181952087217184+5.84634400070058e-10i,-0.00110540456462233-1.50280898889248e-09i,0.000165305331789108+2.33957052270653e-09i,1.65754137646903e-05-1.50827087164741e-09i,0.0758396779678944-0.00425804398668278i,-0.00313885427084669-0.0769801833221491i,-0.0551946853741772+0.00129427932007116i,0.00114884805764446+0.0289447418388588i,0.0168494424866324-0.00141245542864428i,-0.000612591590478289-0.00835406414178357i,-0.00179145349682084+6.93409618678243e-05i,0.000167761111321183-0.000915255658457902i,-0.00170773475325856-4.16444332204897e-05i,0.000104312849670658+0.00212696242501432i,0.00127878558451153+2.11174922137388e-05i,4.92036667222882e-05-0.000192238464266112i,1.06332998336275e-05+1.70138680206358e-05i,0.0758396771438682+0.00425804295281774i,-0.00313885369223249+0.0769801830704289i,-0.0551946854018863-0.00129427903029607i,0.00114884840370062-0.0289447415346071i,0.0168494430195117+0.00141245712026732i,-0.000612593968108466+0.00835406543240404i,-0.00179145441843265-6.93433057555818e-05i,0.000167764310522832+0.000915255401211604i,-0.00170773550560798+4.1648561164079e-05i,0.000104308229689463-0.00212696504956481i,0.00127878896717947-2.11252017654594e-05i,4.92129566325149e-05+0.000192240436363798i,1.0632855726331e-05-1.70089024135782e-05i
0.0891270839534511+1.20321540493883e-10i,0.0914465168949697+0i,0.0668965971092351+2.95145678512742e-10i,0.0369363335129517-5.55408198984572e-10i,0.0216263337230953-2.20203306966337e-09i,0.0104488259814243-2.12679495970011e-09i,0.00241097600037031-1.4102180557263e-09i,-0.00092943178235201-2.66961945172375e-09i,-0.00216375434432812-3.92333454183401e-09i,-0.00270143983672457-4.34582639016554e-09i,-0.00162792734759358-6.72258166921745e-09i,-0.000336560913921216-7.83819577536266e-09i,-3.41456367582452e-05-3.95910181359245e-09i,0.068465739498549+1.46635327227744e-09i,-0.0684588864165368-1.44740112901482e-09i,0.0487000492143969+6.21177614665051e-10i,-0.0247210991935672-5.8685429317039e-10i,0.0142570070923118+1.00317048457187e-09i,-0.00711773984782593-3.76683609825831e-10i,0.00149510891085705-6.35923498318441e-10i,0.000887112958823683+7.05299568993324e-10i,-0.00149985959691394-4.69438513970937e-10i,0.00180248425937709+4.58987069908931e-10i,-0.0010818522794152-1.44225802181246e-09i,0.000148302020928992+2.23594562440699e-09i,1.66266059934636e-05-1.43610768125565e-09i,0.0769801837641028-0.00313885445284469i,-0.00167616367310957-0.078138106020467i,-0.0560264038723311-2.9264787591656e-05i,0.000300367514062262+0.0293838879595581i,0.0171060432410181-0.00100484158524356i,-0.000429663711940964-0.00848163863064769i,-0.00181963645322253+9.23360619870523e-06i,0.000199348159555938-0.000928436831112592i,-0.00173338026862628-0.000105160840837315i,4.41798627549857e-05+0.0021588193813176i,0.00129786448274994+6.83621210219552e-05i,7.08413705838825e-05-0.000195212192132079i,1.07543823333128e-05+1.55902446747424e-05i,0.0769801827168992+0.00313885356511447i,-0.00167616337258872+0.0781381054145862i,-0.0560264035070904+2.92649066732104e-05i,0.000300367866690386-0.0293838875415508i,0.0171060440235234+0.00100484339864802i,-0.00042966633968123+0.00848164015074398i,-0.00181963750556133-9.23610474240079e-06i,0.000199351506916386+0.000928436208856184i,-0.00173338055673886+0.000105165274291646i,4.41749189961248e-05-0.00215882173294971i,0.00129786758842737-6.83701565840643e-05i,7.08510153243761e-05+0.000195213764186249i,1.07541591652331e-05-1.55850721397831e-05i
0.0649454254352438-1.92369059462375e-10i,0.0668965971092351-2.95145678512742e-10i,0.0492122581916393+0i,0.027293328663454-5.98492010238845e-10i,0.0158864140168476-1.81734241755101e-09i,0.00765756587810342-1.67929168393267e-09i,0.00179289307761426-1.08395521700857e-09i,-0.000692951773360472-2.06627573626939e-09i,-0.00161386241580068-2.99203951428713e-09i,-0.00199218638059458-3.1987642489153e-09i,-0.0012126487662771-4.9229031016422e-09i,-0.000266245287548146-5.80985112932006e-09i,-2.78261300809328e-05-2.95330515052872e-09i,0.0489851535861097+1.25374995426862e-09i,-0.0487000494637084-1.34753138206326e-09i,0.034475657180338+7.12815289657729e-10i,-0.0174742264315258-6.35217670503627e-10i,0.0101638926978814+9.42272309014326e-10i,-0.00506711970102755-4.53138086524857e-10i,0.00105434655113185-3.65110702780655e-10i,0.000609741507352102+4.00327982497952e-10i,-0.0010498470983528-2.08363908279561e-10i,0.00127524671482525+2.73538917680139e-10i,-0.000754117968674697-1.00826789730309e-09i,9.59528920346648e-05+1.53255772918488e-09i,9.87349633345831e-06-9.80970885700441e-10i,0.055194685768578-0.00129427966839843i,2.92646163590733e-05-0.0560264039342044i,-0.0401101494176902-0.00111827376409772i,-0.000490877550388954+0.0209700621498997i,0.01220876261538-0.000369149255307626i,-0.000146603683195147-0.0060670832558039i,-0.0012920653758397-4.73077806150962e-05i,0.000163802740126503-0.000671431338379351i,-0.00123570315045684-0.000124725604719215i,-1.85659236621947e-05+0.00154268469276464i,0.000927027756257123+8.81986445404829e-05i,6.82466774180239e-05-0.000134177976351965i,1.03680737191253e-05+9.73724956364434e-06i,0.0551946851042916+0.00129427863829078i,2.92651492255445e-05+0.0560264034966516i,-0.0401101490504191+0.00111827409873189i,-0.000490877467278128-0.0209700619066585i,0.0122087634607792+0.000369150545226239i,-0.000146605669624651+0.00606708454796402i,-0.00129206623476297+4.73059185414127e-05i,0.000163805212087517+0.000671430586652513i,-0.00123570297071929+0.000124728915367602i,-1.85695965797381e-05-0.0015426861370125i,0.000927029718624554-8.82045452538382e-05i,6.82537432580999e-05+0.000134178745067087i,1.03681048190817e-05-9.73346228156872e-06i
0.035794255908708+5.03450923190521e-10i,0.0369363335129517+5.55408198984572e-10i,0.027293328663454+5.98492010238845e-10i,0.0153290761140674+0i,0.00894756888999895-8.76930114613976e-10i,0.0042869880015556-8.69896182205118e-10i,0.00102384235555417-5.89199874199342e-10i,-0.000358597462727903-1.24253605854262e-09i,-0.000901912147755501-1.81883652362935e-09i,-0.00111824358915719-1.91857305171426e-09i,-0.000681042519724557-2.85805446930675e-09i,-0.000159966615637991-3.3360589865136e-09i,-2.20162152674919e-05-1.68875095323018e-09i,0.0249838183808639+6.70036180333595e-10i,-0.0247210993621675-6.19394865560203e-10i,0.017474226433785+2.19259822393793e-10i,-0.00875951491709822-2.47218456236316e-10i,0.00506840831793384+5.26662739287549e-10i,-0.00252888578859948-2.65112184242225e-10i,0.000520233686431823-1.74554954146943e-10i,0.0003238887377827+1.16208843919354e-10i,-0.000534276222040646+1.54783222320508e-11i,0.000636264804227034+2.58059799643136e-11i,-0.00037552307038135-3.81255474906915e-10i,4.5346896800848e-05+6.64330378641735e-10i,6.64691256835751e-06-4.65342463129876e-10i,0.0289447417345985-0.00114884810137102i,-0.000300367387625101-0.029383887617248i,-0.0209700618484343-0.000490877751675356i,-0.000158923139342906+0.0108910327570028i,0.00634170625836185-0.000344393205514736i,-0.00013964069343711-0.00316675234524135i,-0.000664104955836083-2.38584984375692e-05i,0.000103787021573709-0.000358460139365502i,-0.000640202000020397-7.22296473781825e-05i,-7.81910292530706e-07+0.000803153862280545i,0.000482228284751948+5.30240918625012e-05i,4.49636329003104e-05-6.4117656387301e-05i,8.29991692262402e-06+6.05938420210252e-06i,0.0289447416924939+0.001148848136377i,-0.000300367704036993+0.0293838879248338i,-0.0209700622151866+0.000490877504483701i,-0.000158922850449639-0.0108910330073658i,0.00634170694329968+0.000344394075888322i,-0.000139641851782694+0.00316675320178761i,-0.000664105494317591+2.38574928444347e-05i,0.000103788320622318+0.000358459680836289i,-0.00064020186391198+7.223137005377e-05i,-7.83819798555635e-07-0.000803154728513486i,0.000482229481627087-5.30272457277237e-05i,4.49674388134574e-05+6.41180910446124e-05i,8.29997688299893e-06-6.05735315296087e-06i
0.0210667839592728+2.02295126994651e-09i,0.0216263337230953+2.20203306966337e-09i,0.0158864140168476+1.81734241755101e-09i,0.00894756888999895+8.76930114613976e-10i,0.00528964934032338+0i,0.00253701527857415-2.57446625376402e-10i,0.00060589689264646-2.74090825755188e-10i,-0.00018638878667531-7.32147353378879e-10i,-0.00051302537736141-1.11742780903848e-09i,-0.000653457607974049-1.23265751942188e-09i,-0.000392431826676831-1.76790329444338e-09i,-8.95885720883865e-05-1.98035148812121e-09i,-1.50419590151545e-05-9.84836900801722e-10i,0.0143047343671131+1.15661480157349e-09i,-0.014257006492285-9.55972764871243e-10i,0.0101638921464694+4.5233906847932e-10i,-0.00506840799177022-2.66837712414269e-10i,0.00286967528906765+3.80437305445731e-10i,-0.00143352071932969-1.48919369766782e-10i,0.000294989250394172-1.30418053661247e-10i,0.000208312858189764+8.14382540645591e-11i,-0.000319913108770326-5.95058341100248e-12i,0.000365342797720843-2.50292051282972e-12i,-0.000220745924400254-1.57954917070629e-10i,2.93145722045082e-05+3.39611424175757e-10i,5.88709168114806e-06-2.65052092402058e-10i,0.0168494427354404-0.00141245487786015i,-0.00100484091982903-0.0171060433440932i,-0.0122087626515249+0.000369148698011105i,0.000344392950443493+0.00634170637228817i,0.00369376797407651-0.000463482667310737i,-0.000197730313157028-0.00184514752700016i,-0.000387267456042613+1.24588235390054e-05i,5.36102402854268e-05-0.000208570397607129i,-0.000372430713042139-1.67485081363957e-05i,3.18118718923369e-05+0.000466952413493714i,0.000280201287013193+1.27453177298683e-05i,2.22124967609292e-05-3.72192178198286e-05i,4.78915696281446e-06+3.87779607359727e-06i,0.016849443132176+0.00141245728064956i,-0.00100484347430394+0.0171060442522054i,-0.0122087636406981-0.00036915052450285i,0.000344394002265402-0.00634170694591151i,0.00369376845029517+0.000463483658769387i,-0.000197731177201783+0.00184514805354511i,-0.000387267769090264-1.24594145457554e-05i,5.36109242197336e-05+0.00020857028838002i,-0.000372430854433671+1.67493804246795e-05i,3.1810904472436e-05-0.000466953131452339i,0.000280202236077794-1.27470534474412e-05i,2.22146522382958e-05+3.72196941872341e-05i,4.78910880212925e-06-3.87664582114855e-06i
0.0101811010842258+2.01055414946739e-09i,0.0104488259814243+2.12679495970011e-09i,0.00765756587810342+1.67929168393267e-09i,0.0042869880015556+8.69896182205118e-10i,0.00253701527857415+2.57446625376781e-10i,0.00122957348204524+0i,0.000300412258336777-1.04281830721716e-10i,-8.37266493065312e-05-3.6407367028609e-10i,-0.000240965512666747-5.52501310407656e-10i,-0.000311901516610857-6.08850926188426e-10i,-0.000189450419798873-8.61454465963967e-10i,-4.38710204738438e-05-9.54984791653967e-10i,-7.66138496175416e-06-4.73262264232664e-10i,0.00712967918963773+1.79891362739353e-09i,-0.00711773916864954-1.71598937452414e-09i,0.0050671191223826+1.14228480131089e-09i,-0.00252888544641536-6.61499985205438e-10i,0.00143352062191034+5.12116511733961e-10i,-0.000713095618848077-2.27012105831327e-10i,0.000139815525139536-3.03352670236967e-11i,0.000108734838116542+4.22576798700844e-11i,-0.000160596054328195-1.4278358624917e-11i,0.000182282714897529+2.55703342527401e-11i,-0.000108399328378576-9.35589094535764e-11i,1.21394195818154e-05+1.59436460739045e-10i,3.97394064928872e-06-1.21295204580382e-10i,0.00835406482353131-0.00061259114150653i,-0.000429663237446674-0.0084816392665959i,-0.0060670837135789+0.00014660334014001i,0.000139640550557486+0.00316675264913841i,0.00184514766639832-0.000197730287985651i,-7.98081310368262e-05-0.000919410885098902i,-0.000195255858424868-4.29422029163522e-06i,1.72136629673317e-05-0.000102440108018238i,-0.00018635177094982-5.79676183793633e-06i,1.38105913076659e-05+0.000232319901488035i,0.000139241525353269+7.71200429984744e-06i,1.30407840912021e-05-1.94075542646411e-05i,1.96340730577529e-06+1.75676900958289e-07i,0.00835406523080037+0.000612594140205441i,-0.000429666346838882+0.00848163992693884i,-0.0060670843401867-0.000146605518091107i,0.000139641676428839-0.003166753019569i,0.00184514797118942+0.000197731135577372i,-7.9808761373039e-05+0.000919411176602588i,-0.000195256008442427+4.29388284510065e-06i,1.72139828455712e-05+0.000102440055728772i,-0.000186351828108095+5.79717596574054e-06i,1.3810145511413e-05-0.000232320235448222i,0.000139241959406938-7.71282563463227e-06i,1.30418337377393e-05+1.94077516484116e-05i,1.96340025433538e-06-1.75111028496562e-07i
0.00233143451978623+1.34499661368282e-09i,0.00241097600037031+1.4102180557263e-09i,0.00179289307761426+1.08395521700857e-09i,0.00102384235555417+5.89199874199342e-10i,0.00060589689264646+2.74090825755188e-10i,0.000300412258336777+1.04281830721716e-10i,8.95960353684525e-05+0i,-5.58689646634462e-06-1.15413132354053e-10i,-5.22177867970979e-05-1.76109727220131e-10i,-7.30062906302217e-05-1.77223292743583e-10i,-4.84850549800499e-05-2.28218364837061e-10i,-1.68264524403819e-05-2.54558230480523e-10i,-4.87673135214474e-06-1.29313613466359e-10i,0.0015167338436995+1.27406097992394e-09i,-0.00149510865019783-1.26200657674872e-09i,0.00105434632273121+8.81686449068489e-10i,-0.000520233540375378-5.01497829597436e-10i,0.000294989199926051+3.59721947718319e-10i,-0.000139815519570253-1.79573772405643e-10i,1.70584517006753e-05+2.1842195146913e-11i,3.09287487997423e-05-1.07568800783279e-11i,-3.57576792314586e-05+2.38566948245479e-11i,3.66061168402084e-05+3.27132999055924e-12i,-1.86141060252052e-05-1.04656176156581e-11i,-1.7059501721368e-06-6.87399640701026e-13i,2.47770921257676e-06-5.29396850356964e-12i,0.0017914540195653-6.93409849276044e-05i,-9.23362982753293e-06-0.0018196369631006i,-0.00129206575618237-4.73077494801335e-05i,-2.38584610980452e-05+0.000664105179454282i,0.000387267563857086-1.24588485139085e-05i,4.2942157267626e-06-0.00019525588483592i,-3.92256320662721e-05-1.89419757819211e-05i,-5.85418384135594e-06-2.42697503526821e-05i,-3.97444972421262e-05-6.4030983318712e-07i,-6.46712519033717e-07+4.9036201233599e-05i,2.8909187252659e-05+7.55884072291768e-06i,8.62710633881059e-06-2.725440144854e-06i,1.20873708228042e-06-2.35412546342921e-06i,0.00179145427681103+6.93431512951669e-05i,-9.235865167701e-06+0.00181963732527751i,-0.00129206606433095+4.73061891756522e-05i,-2.38576846901774e-05-0.000664105379497043i,0.000387267737920282+1.24593679348921e-05i,4.29387553991503e-06+0.000195256018652933i,-3.92256888239141e-05+1.89418472211147e-05i,-5.85411429953681e-06+2.42696898246021e-05i,-3.97444361572383e-05+6.40401729914085e-07i,-6.46794403033795e-07-4.90362284434283e-05i,2.89092297869998e-05-7.55901300469121e-06i,8.62735099027205e-06+2.72539799788334e-06i,1.20878698285396e-06+2.35425865169272e-06i
-0.000881651714828346+2.4826364862664e-09i,-0.00092943178235201+2.66961945172375e-09i,-0.000692951773360472+2.06627573626939e-09i,-0.000358597462727903+1.24253605854262e-09i,-0.00018638878667531+7.32147353378879e-10i,-8.37266493065312e-05+3.6407367028609e-10i,-5.58689646634462e-06+1.15413132354053e-10i,2.9709897898583e-05+0i,3.05589286588777e-05-5.44756741136234e-11i,2.69489162750358e-05-7.52768918163805e-11i,1.45114613275657e-05-3.00993349343656e-11i,-1.03100595205111e-06+1.67973927651671e-11i,-3.21631695763431e-06+1.48595515845021e-11i,-0.00090867945689794+9.21621313512101e-10i,0.000887113296646716-7.77731164876353e-10i,-0.000609741806400585+4.61620322664912e-10i,0.000323888935214577-1.66550158853553e-10i,-0.00020831296318288+1.17161289422378e-10i,0.00010873488933136-5.03015284909661e-11i,-3.09287692242499e-05-7.22677286663951e-12i,2.14934412777792e-06-6.40679125596561e-12i,1.42377836661562e-05+2.81920781843988e-11i,-2.55769639960848e-05-2.66254219715748e-11i,1.61291054831408e-05+5.68513660018435e-11i,-4.483792075543e-06-7.81199431531415e-11i,1.90092473697301e-06+3.86724085833255e-11i,-0.000915254893466528-0.000167760798342626i,-0.000199347815372761+0.000928436059300348i,0.000671430769638464+0.000163802473655179i,0.000103786853600749-0.000358459821304397i,-0.000208570219137986-5.36101311303286e-05i,-1.72136045428596e-05+0.000102440026617697i,2.42697254024164e-05-5.85419932352916e-06i,-1.29521644414794e-05+8.45034797949997e-06i,2.00239087708932e-05+1.06218875393315e-05i,7.38403260998858e-06-2.60240237520335e-05i,-1.62369238732512e-05-1.99918162028994e-06i,2.73301327004046e-06+3.54569668018441e-06i,5.82213285295128e-07-2.1472757935536e-06i,-0.000915254681279783+0.00016776388282349i,-0.000199350937991315-0.000928435483314428i,0.000671430075150787-0.000163804675331335i,0.000103787963414071+0.000358459406250185i,-0.000208570109761473+5.36107620163639e-05i,-1.72139055064085e-05-0.000102439965658318i,2.42696805316406e-05+5.85416562438364e-06i,-1.29522423463952e-05-8.45032918630262e-06i,2.00238854805712e-05-1.06219997278015e-05i,7.38417296397533e-06+2.60240063153458e-05i,-1.62368936533794e-05+1.99932098372298e-06i,2.73290583479292e-06-3.54568879467762e-06i,5.82226845439528e-07+2.1472214691146e-06i
-0.00208175859694285+3.72827764385224e-09i,-0.00216375434432812+3.92333454183401e-09i,-0.00161386241580068+2.99203951428713e-09i,-0.000901912147755501+1.81883652362935e-09i,-0.00051302537736141+1.11742780903848e-09i,-0.000240965512666747+5.52501310407656e-10i,-5.22177867970979e-05+1.76109727220131e-10i,3.05589286588777e-05+5.44756741136234e-11i,5.86850773421072e-05+0i,6.6848082642134e-05-3.44929157878404e-11i,4.03920075526125e-05+6.46957342998391e-11i,8.65199522372143e-06+1.54369437096024e-10i,6.91303054745885e-08+8.74135137805188e-11i,-0.00153063240258066+1.56185396117842e-09i,0.00149986004416722-1.42322529194336e-09i,-0.00104984751561484+9.84313406796844e-10i,0.00053427649063151-4.36030158862299e-10i,-0.000319913249998959+2.11908201435702e-10i,0.00016059613576366-7.90503694923823e-11i,-3.57577214385448e-05+5.69017099972522e-12i,-1.42377692509275e-05+2.70365869191425e-11i,3.07346934668683e-05-3.09777119501662e-11i,-3.98887164229822e-05+2.03983811923978e-11i,2.33877624341134e-05+2.52444843196237e-11i,-3.32023587831257e-06-5.93836452012886e-11i,2.66680167894985e-07+3.67275898356055e-11i,-0.0017077335038511-4.1643522453303e-05i,-0.000105159909245553+0.00173337894905613i,0.00123570217081016+0.000124724933559244i,7.22292483544076e-05-0.000640201440741441i,-0.000372430376792753-1.67482450335748e-05i,-5.79663398454679e-06+0.000186351596284484i,3.97444379773117e-05+6.40286434934119e-07i,-1.06218901786054e-05+2.00239277868467e-05i,3.69561163253362e-05+9.21349530815153e-06i,4.97250130527976e-06-4.74000129111479e-05i,-2.88764515823143e-05-5.00813277134925e-06i,-1.79208527626548e-06+4.17075984336461e-06i,-2.49132798756272e-07-1.04697940142806e-06i,-0.0017077338029694+4.16479845674874e-05i,-0.000105164409946283-0.00173337888656616i,0.00123570181589741-0.000124728057394346i,7.22307631317917e-05+0.000640201270422637i,-0.000372430497524646+1.67490706464755e-05i,-5.79700669810162e-06-0.000186351671223495i,3.9744433913011e-05-6.40293841899906e-07i,-1.06220443641657e-05-2.00238640847432e-05i,3.69560606204771e-05-9.21370432609109e-06i,4.97275081996075e-06+4.74000324943442e-05i,-2.88764613316356e-05+5.00840570073594e-06i,-1.79232232598739e-06-4.17073455252793e-06i,-2.49144426541746e-07+1.04686005030731e-06i
-0.00262091352999152+4.25793024032481e-09i,-0.00270143983672457+4.34582639016554e-09i,-0.00199218638059458+3.1987642489153e-09i,-0.00111824358915719+1.91857305171426e-09i,-0.000653457607974049+1.23265751942188e-09i,-0.000311901516610857+6.08850926188426e-10i,-7.30062906302217e-05+1.77223292743583e-10i,2.69489162750358e-05+7.52768918163805e-11i,6.6848082642134e-05+3.44929157878404e-11i,8.33444602966403e-05+0i,5.08687824616756e-05+1.35486068907326e-10i,1.2041648785684e-05+2.41543731472966e-10i,1.72669019094487e-06+1.277861229674e-10i,-0.00181952122285686+2.18590416676003e-09i,0.00180248473055889-2.1746473356756e-09i,-0.00127524714192639+1.63548012207882e-09i,0.000636265067264983-7.97490941698961e-10i,-0.00036534293934997+3.56205285116134e-10i,0.000182282800504981-1.46887804896388e-10i,-3.66061617994517e-05+3.58905222487233e-11i,-2.55769449996731e-05+5.44179249275175e-11i,3.98887094982953e-05-8.55530929602557e-11i,-4.62167895865842e-05+7.31839317475615e-11i,2.70792865206106e-05-2.02675810684417e-11i,-2.67229256447926e-06-3.21443242689124e-11i,-1.03002389488702e-06+3.19610056271313e-11i,-0.00212696122740711+0.00010431413120791i,4.41811401698369e-05+0.0021588180873714i,0.00154268372712347+1.856503403702e-05i,7.81400453391741e-07-0.000803153305820966i,-0.000466952068722496+3.18122169991859e-05i,1.38107613837679e-05+0.000232319712956611i,4.90361356194852e-05+6.46683868840315e-07i,-7.38403681572779e-06+2.60240530967141e-05i,4.74000342330122e-05+4.97250626246847e-06i,3.05631392855822e-08-5.96313582122772e-05i,-3.60214775868093e-05-4.20181123632853e-06i,-3.80553966355866e-06+5.14290688816458e-06i,-4.46551025953855e-07-1.61303905557247e-07i,-0.00212696256904414-0.000104308619935769i,4.41755752819268e-05-0.00215881930546371i,0.00154268444828309-1.85689076536402e-05i,7.83292024328241e-07+0.000803153843661565i,-0.000466952602712547-3.18111872643135e-05i,1.38102959000259e-05-0.000232320002084445i,4.90362087652054e-05-6.46700710903121e-07i,-7.38422743471616e-06-2.60239832759441e-05i,4.74000189813942e-05-4.97277750254761e-06i,3.08872354871401e-08+5.96314669094767e-05i,-3.60215772551095e-05+4.2021670942413e-06i,-3.80585344379728e-06-5.14292161950181e-06i,-4.46559548093786e-07+1.61145554410082e-07i
-0.00156562925402901+6.55414756933814e-09i,-0.00162792734759358+6.72258166921745e-09i,-0.0012126487662771+4.9229031016422e-09i,-0.000681042519724557+2.85805446930675e-09i,-0.000392431826676831+1.76790329444338e-09i,-0.000189450419798873+8.61454465963967e-10i,-4.84850549800499e-05+2.28218364837061e-10i,1.45114613275657e-05+3.00993349343656e-11i,4.03920075526125e-05-6.46957342998391e-11i,5.08687824616756e-05-1.35486068907326e-10i,3.29126814939526e-05+0i,9.61014110690612e-06+1.39621359312025e-10i,1.78077786008172e-06+8.32493079749578e-11i,-0.00110540571834209+3.56260947729953e-09i,0.00108185356506766-3.51758036062953e-09i,-0.000754118979262387+2.53909303075309e-09i,0.000375523655924799-1.18483443380161e-09i,-0.000220746257452689+5.57985884931266e-10i,0.000108399503444041-2.39769843169108e-10i,-1.86141682796108e-05+2.64237196381297e-11i,-1.61290950974499e-05+1.06508473106076e-10i,2.33877724168326e-05-1.32404922291858e-10i,-2.70793103800321e-05+1.07801081512019e-10i,1.44132601772322e-05-4.51886637474709e-11i,2.0740547742509e-07-1.26261909895667e-11i,-1.09423486896587e-06+1.83445891128006e-11i,-0.00127878345299338-2.11157031139055e-05i,-6.83603154252751e-05+0.00129786228149057i,0.000927026168792543+8.81973578630645e-05i,5.3023380191396e-05-0.000482227399011768i,-0.000280200738227542-1.27448754092345e-05i,-7.71178843823007e-06+0.000139241243211344i,2.89091111944583e-05+7.55879636706511e-06i,-1.99917634274979e-06+1.62369332766854e-05i,2.88764405825315e-05+5.00811123117795e-06i,4.20177654827824e-06-3.60214405980632e-05i,-2.16228239769641e-05-6.02608017486197e-06i,-4.53692153026576e-06+2.8749047450758e-06i,-4.32211297303827e-07+8.02848702598131e-07i,-0.00127878510030628+2.11252223000372e-05i,-6.83699453748802e-05-0.00129786367497471i,0.000927026891063638-8.82042086486023e-05i,5.30269043814927e-05+0.000482227957034768i,-0.00028020136150218+1.27468525144625e-05i,-7.71271043336704e-06-0.00013924156025005i,2.89091590150337e-05-7.55893088808476e-06i,-1.99938492666112e-06-1.62368506196912e-05i,2.8876380826363e-05-5.00845013291737e-06i,4.20218309909525e-06+3.60214868944007e-05i,-2.16228308544613e-05+6.02643109303999e-06i,-4.53715102305125e-06-2.87483771242656e-06i,-4.32248562450993e-07-8.02954196116016e-07i
-0.000312973589152859+7.55434492364396e-09i,-0.000336560913921216+7.83819577536266e-09i,-0.000266245287548146+5.8098511293193e-09i,-0.000159966615637991+3.3360589865136e-09i,-8.95885720883865e-05+1.98035148812121e-09i,-4.38710204738438e-05+9.54984791653967e-10i,-1.68264524403819e-05+2.54558230480523e-10i,-1.03100595205111e-06-1.67973927651671e-11i,8.65199522372143e-06-1.54369437096024e-10i,1.2041648785684e-05-2.41543731472966e-10i,9.61014110690612e-06-1.39621359312025e-10i,5.37726375552737e-06+0i,1.80464595042234e-06+1.85146652719576e-11i,-0.00016530702239399+4.31966523848049e-09i,0.000148303855878524-4.18647061560433e-09i,-9.59542966752122e-05+2.92595117509927e-09i,4.53477000431633e-05-1.355698344719e-09i,-2.93150280185222e-05+6.96019967116968e-10i,1.21396485032644e-05-3.05931967295301e-10i,1.70587935876722e-06+1.35044462413875e-11i,-4.48379309832414e-06+1.27321309971295e-10i,3.32026663593424e-06-1.4086215093774e-10i,-2.67234221247728e-06+1.15994834530421e-10i,-2.07374466836597e-07-5.6475864573761e-11i,2.20109410097808e-06+3.28909909006306e-12i,-9.20539983701226e-07+3.9631659262589e-12i,-0.000192235448100668-4.92017951241285e-05i,-7.08394534196463e-05+0.000195209127352456i,0.000134175793116126+6.82452824903699e-05i,4.4962877375575e-05-6.41164553837793e-05i,-3.72184808050343e-05-2.22120586143522e-05i,-1.30405717879725e-05+1.94071905056437e-05i,2.72535809636593e-06+8.62705633164979e-06i,2.73302767176509e-06+3.54568146870892e-06i,4.17070787116401e-06+1.7920429415131e-06i,3.80548060959711e-06-5.14282469089374e-06i,-2.87485859866339e-06-4.53688812135e-06i,-3.4232038053387e-06-2.89890197358429e-07i,-4.52825136107222e-07+1.11776021810122e-06i,-0.00019223631084032+4.92131449745443e-05i,-7.0850949950398e-05-0.000195209530578924i,0.000134175654231936-6.82534930996674e-05i,4.49671398424459e-05+6.41164336957807e-05i,-3.72187655181539e-05+2.22144824609162e-05i,-1.30417304692019e-05-1.9407320961184e-05i,2.72531367460538e-06-8.62726591582069e-06i,2.7328433003246e-06-3.54562760753888e-06i,4.17061351250082e-06-1.79235655937021e-06i,3.80586001864519e-06+5.14277776289151e-06i,-2.8747620118542e-06+4.5371434483463e-06i,-3.42328557017085e-06+2.90019387263823e-07i,-4.52879425479892e-07-1.11778191239326e-06i
-3.42437115564955e-05+3.80452288829978e-09i,-3.41456367582452e-05+3.95910181359245e-09i,-2.78261300809328e-05+2.95330515052872e-09i,-2.20162152674919e-05+1.68875095323018e-09i,-1.50419590151545e-05+9.84836900801722e-10i,-7.66138496175416e-06+4.73262264232664e-10i,-4.87673135214474e-06+1.29313613466359e-10i,-3.21631695763431e-06-1.48595515845021e-11i,6.91303054745885e-08-8.74135137805188e-11i,1.72669019094487e-06-1.277861229674e-10i,1.78077786008172e-06-8.32493079749578e-11i,1.80464595042234e-06-1.85146652719576e-11i,9.7095128912943e-07+0i,1.65746035165657e-05+2.38981374331928e-09i,-1.66257196121257e-05-2.31862773304747e-09i,9.87281509784932e-06+1.62163113937726e-09i,-6.64652150420943e-06-7.80144909870922e-10i,5.88687247854544e-06+4.22654390461665e-10i,-3.97383150211228e-06-1.90315728701625e-10i,2.47767515759594e-06+1.49399841298486e-11i,-1.90092669211184e-06+6.15367505039676e-11i,2.66698921939041e-07-7.07091818160557e-11i,1.02999540978732e-06+6.35080759937869e-11i,-1.09421442486775e-06-3.36072357459486e-11i,9.20534200988877e-07+3.85646373354071e-12i,-4.7744711035191e-07+9.81652535652514e-13i,1.06350176823129e-05+1.70146333656539e-05i,1.55910295380901e-05-1.07561316614804e-05i,-1.03693233000063e-05-9.73782262046847e-06i,-6.05969088342577e-06+8.3006043578461e-06i,4.78957496198503e-06+3.87797068905338e-06i,1.75762309747896e-07-1.96361147651369e-06i,-1.20878152991637e-06+2.35410400535097e-06i,2.14728226795688e-06+5.8220115024614e-07i,-2.49167153576334e-07-1.04699765401679e-06i,-1.61328320977103e-07+4.46601826472138e-07i,4.32241619057235e-07-8.02833213223541e-07i,-1.11775714739362e-06-4.52829367987902e-07i,-2.21844179147828e-07+4.98009394808662e-07i,1.06348745286601e-05-1.70088128285475e-05i,1.5585127982691e-05+1.07562319287393e-05i,-1.0369612225514e-05+9.73362208703366e-06i,-6.05752638692986e-06-8.30077360538468e-06i,4.78955259517729e-06-3.87673414286194e-06i,1.75161578378918e-07+1.96360863603014e-06i,-1.20882705958416e-06-2.3542141738332e-06i,2.14719287383713e-06-5.82193636690192e-07i,-2.49205957394538e-07+1.04685161148263e-06i,-1.61150489410752e-07-4.46632279799006e-07i,4.32292229160285e-07+8.02942829831671e-07i,-1.11777432304022e-06+4.52887628259436e-07i,-2.21867807051098e-07-4.98006902164115e-07i
0.0681289332023222-8.11655384412421e-10i,0.068465739498549-1.46635327227744e-09i,0.0489851535861097-1.25374995426862e-09i,0.0249838183808639-6.70036180333595e-10i,0.0143047343671131-1.15661480157349e-09i,0.00712967918963773-1.79891362739353e-09i,0.0015167338436995-1.27406097992394e-09i,-0.00090867945689794-9.21621313512101e-10i,-0.00153063240258066-1.56185396117842e-09i,-0.00181952122285686-2.18590416676003e-09i,-0.00110540571834209-3.56260947729953e-09i,-0.00016530702239399-4.31966523848049e-09i,1.65746035165657e-05-2.38981374331928e-09i,0.0871923296193773+0i,-0.0891270839756805-3.33032375294126e-11i,0.0649454254784219-2.0389247177412e-10i,-0.0357942557889357+4.60800499157674e-10i,0.0210667840731851-5.14274113120734e-10i,-0.0101811012545114+5.50054537457521e-10i,0.00233143436497334-1.20675987675889e-09i,0.000881652090659392+2.33805674449054e-09i,-0.00208175897960896-2.79007303290952e-09i,0.0026209136314587+2.71688955919278e-09i,-0.00156562877071596-3.95887447428827e-09i,0.000312972824719515+4.62058442928803e-09i,-3.42434290336278e-05-2.4257503247724e-09i,0.07583967793143+0.0042580430181886i,0.00313885372333603-0.076980183855175i,-0.0551946862669141-0.00129427909302854i,-0.00114884847249109+0.0289447425591693i,0.0168494432956331+0.00141245695052756i,0.000612593607616956-0.00835406492532135i,-0.00179145377489565-6.93431166926977e-05i,-0.00016776396369179-0.000915255332640632i,-0.00170773427310479+4.16477871076865e-05i,-0.000104309147961494+0.00212696274089045i,0.00127878617375238-2.11239538805021e-05i,-4.92114872126576e-05-0.000192238217425124i,1.06338017685792e-05-1.70095723665058e-05i,0.0758396779215517-0.00425804371477325i,0.00313885443288505+0.0769801835183229i,-0.0551946856403686+0.00129427921343855i,-0.00114884800582004-0.0289447416607312i,0.0168494425770899-0.00141245607517249i,0.000612592445392589+0.00835406449045616i,-0.0017914538303053+6.9341295470949e-05i,-0.000167761175445289+0.000915255576169675i,-0.00170773532671059-4.16446445851209e-05i,-0.000104312685579814-0.00212696380788049i,0.00127878695788212+2.11176294039756e-05i,-4.92038792455666e-05+0.000192239129898005i,1.06331410370756e-05+1.70135848219369e-05i
-0.0684657392400621+6.32111283100911e-10i,-0.0684588864165368+1.44740112901482e-09i,-0.0487000494637084+1.34753138206326e-09i,-0.0247210993621675+6.19394865560203e-10i,-0.014257006492285+9.55972764871243e-10i,-0.00711773916864954+1.71598937452414e-09i,-0.00149510865019783+1.26200657674872e-09i,0.000887113296646716+7.77731164876353e-10i,0.00149986004416722+1.42322529194336e-09i,0.00180248473055889+2.1746473356756e-09i,0.00108185356506766+3.51758036062953e-09i,0.000148303855878524+4.18647061560433e-09i,-1.66257196121257e-05+2.31862773304747e-09i,-0.0891270839756805+3.33032375294126e-11i,0.0914465168675923+0i,-0.066896597082737+1.68677947383785e-10i,0.0369363333545357-4.76732646465188e-10i,-0.0216263337903825+6.80621851421218e-10i,0.0104488260888939-7.3152048036194e-10i,-0.00241097579457494+1.30420932965937e-09i,-0.000929432237022894-2.51386816365396e-09i,0.00216375486145585+3.05989177845565e-09i,-0.00270144006458391-2.91392116439083e-09i,0.00162792697596902+4.12505574207329e-09i,-0.000336560259067131-4.83959079726267e-09i,3.41454173607463e-05+2.55700019813416e-09i,-0.0769801840239649-0.00313885397743352i,-0.00167616364134441+0.0781381068589294i,0.0560264049684321-2.92646568320438e-05i,0.000300368124480349-0.0293838890076861i,-0.017106044524487-0.00100484324105423i,-0.000429665816334683+0.00848163968503156i,0.0018196368454325+9.2358048280021e-06i,0.000199351042708973+0.000928436135517575i,0.00173337932701306-0.000105164224940396i,4.41761254637588e-05-0.00215881943085829i,-0.00129786474683897+6.83686650792374e-05i,7.0849300581875e-05+0.000195211468087923i,-1.07551496845572e-05+1.55858871353579e-05i,-0.0769801828806046+0.00313885435710468i,-0.00167616417087471-0.0781381052116258i,0.0560264032984333+2.92646468368823e-05i,0.000300367568531856+0.0293838872576257i,-0.0171060430459114+0.00100484241735125i,-0.000429664828754134-0.00848163879195074i,0.00181963668346157-9.23408262279633e-06i,0.000199348344239624-0.000928436746334206i,0.001733380808702+0.000105161307824508i,4.4179441880103e-05+0.00215882074413483i,-0.00129786579675058-6.83624732812364e-05i,7.0841803885488e-05-0.000195212773653515i,-1.07542675580423e-05-1.558982563212e-05i
0.0489851531725432+5.42232924393974e-11i,0.0487000492143969-6.21177614665051e-10i,0.034475657180338-7.12815289657729e-10i,0.017474226433785-2.19259822393793e-10i,0.0101638921464694-4.5233906847932e-10i,0.0050671191223826-1.14228480131089e-09i,0.00105434632273121-8.81686449068489e-10i,-0.000609741806400585-4.61620322664912e-10i,-0.00104984751561484-9.84313406796844e-10i,-0.00127524714192639-1.63548012207882e-09i,-0.000754118979262387-2.53909303075309e-09i,-9.59542966752122e-05-2.92595117509927e-09i,9.87281509784932e-06-1.62163113937726e-09i,0.0649454254784219+2.0389247177412e-10i,-0.066896597082737-1.68677947383785e-10i,0.0492122581553953+0i,-0.027293328553033+3.13450134244502e-10i,0.0158864140463327-5.89200190303442e-10i,-0.00765756591482524+6.70239560405222e-10i,0.00179289290043805-1.02547329758378e-09i,0.000692952157860486+1.95547369743795e-09i,-0.00161386290181618-2.43784558835301e-09i,0.00199218665527119+2.25938485901492e-09i,-0.00121264860140456-3.05954888681417e-09i,0.000266244925207337+3.61069678971873e-09i,-2.78260367727335e-05-1.93115868082705e-09i,0.0551946860951286+0.00129427970396392i,-2.92642877828984e-05-0.0560264046364099i,-0.0401101502177355+0.00111827344559092i,0.000490876977938236+0.020970063068675i,0.0122087638690922+0.000369150522807305i,0.00014660519017686-0.0060670841936103i,-0.00129206571988774+4.73062305807867e-05i,-0.000163804773602919-0.000671430553362564i,-0.00123570209504594+0.000124727931134497i,1.85684899058894e-05+0.00154268447809421i,0.000927027634383158-8.82032829274864e-05i,-6.82523267919948e-05-0.000134177040523982i,1.03688445838221e-05-9.73416204525202e-06i,0.0551946847807679-0.00129427909483707i,-2.92646653458544e-05+0.056026402914203i,-0.0401101486312794-0.00111827395624146i,0.000490877687548703-0.020970061427434i,0.0122087623559743-0.000369149848633304i,0.000146604612264163+0.00606708327012287i,-0.00129206548654921-4.73073459885347e-05i,-0.000163802978427161+0.000671431263322608i,-0.00123570353076414-0.000124726158219602i,1.85664440334736e-05-0.00154268569267453i,0.000927028687960764+8.81990709603786e-05i,-6.82471516663139e-05+0.000134178352503808i,1.03680169392469e-05+9.73685396405379e-06i
-0.0249838181007078+1.25904021597983e-10i,-0.0247210991935672+5.8685429317039e-10i,-0.0174742264315258+6.35217670503627e-10i,-0.00875951491709822+2.47218456236316e-10i,-0.00506840799177022+2.66837712414269e-10i,-0.00252888544641536+6.61499985205438e-10i,-0.000520233540375378+5.01497829597436e-10i,0.000323888935214577+1.66550158853553e-10i,0.00053427649063151+4.36030158862299e-10i,0.000636265067264983+7.97490941698961e-10i,0.000375523655924799+1.18483443380161e-09i,4.53477000431633e-05+1.355698344719e-09i,-6.64652150420943e-06+7.80144909870922e-10i,-0.0357942557889357-4.60800499156501e-10i,0.0369363333545357+4.76732646465188e-10i,-0.027293328553033-3.13450134244122e-10i,0.0153290760055648+0i,-0.00894756884946939+2.81112075729535e-10i,0.00428698797598271-3.66622075443787e-10i,-0.00102384223546897+5.64596997928599e-10i,-0.000358597710839963-1.1584973365727e-09i,0.000901912466617023+1.51182614139878e-09i,-0.00111824378069547-1.41458664558197e-09i,0.000681042495853286+1.82022807312472e-09i,-0.000159966513839716-2.09756366083837e-09i,2.20162207894712e-05+1.11197441153779e-09i,-0.0289447419255439-0.00114884860946814i,-0.000300368031615338+0.0293838882108489i,0.0209700625979131-0.000490877235927132i,-0.000158922627229021-0.0108910334895194i,-0.00634170708701712-0.00034439397303035i,-0.000139641480553081+0.00316675296787602i,0.000664105191054024-2.38577117049653e-05i,0.000103788044711875+0.000358459655938308i,0.000640201346203392-7.22307461579322e-05i,-7.83122909605907e-07-0.000803153762076077i,-0.000482228259027186+5.30264521649765e-05i,4.49665406789854e-05+6.41170756659438e-05i,-8.30042124746879e-06+6.05781186668477e-06i,-0.0289447413287688+0.00114884790809291i,-0.000300367524818035-0.0293838872425038i,0.0209700616029856+0.000490877731933742i,-0.000158923148212181+0.0108910324966509i,-0.00634170616426245+0.00034439360413154i,-0.000139641277426408-0.00316675233188938i,0.000664104984562525+2.38582305746022e-05i,0.000103787184411527-0.000358460094848709i,0.00064020217906035+7.22300306308274e-05i,-7.82283785776473e-07+0.00080315436503653i,-0.000482228707405206-5.30244286093873e-05i,4.49640084121714e-05-6.41177581575819e-05i,-8.299940714498e-06-6.05910742768459e-06i
0.0143047348240564-6.20105178871923e-10i,0.0142570070923118-1.00317048457187e-09i,0.0101638926978814-9.42272309014326e-10i,0.00506840831793384-5.26662739287549e-10i,0.00286967528906765-3.80437305445731e-10i,0.00143352062191034-5.12116511733961e-10i,0.000294989199926051-3.59721947718319e-10i,-0.00020831296318288-1.17161289422378e-10i,-0.000319913249998959-2.11908201435702e-10i,-0.00036534293934997-3.56205285116134e-10i,-0.000220746257452689-5.57985884931266e-10i,-2.93150280185222e-05-6.96019967116968e-10i,5.88687247854544e-06-4.22654390461665e-10i,0.0210667840731851+5.14274113120734e-10i,-0.0216263337903825-6.80621851421218e-10i,0.0158864140463327+5.89200190303442e-10i,-0.00894756884946939-2.81112075729535e-10i,0.00528964933577904+0i,-0.00253701528074799+8.84685693669985e-11i,0.000605896824342177-2.47650919315272e-10i,0.000186388925607456+6.4018851539903e-10i,-0.000513025532609187-8.74418844569784e-10i,0.000653457682934023+8.69045395027123e-10i,-0.000392431788163962-1.13865425498928e-09i,8.95884981314519e-05+1.26476309001793e-09i,-1.50419551794891e-05-6.48026406918864e-10i,0.0168494437329865+0.00141245624060782i,0.00100484242081851-0.0171060448891518i,-0.0122087642080681-0.000369149847530468i,-0.000344393697821166+0.00634170742284855i,0.00369376866391929+0.000463483343257664i,0.000197730878567249-0.00184514800524134i,-0.000387267646095692-1.24593070716296e-05i,-5.36108105980337e-05-0.000208570241522543i,-0.000372430532137399+1.67491019707393e-05i,-3.18112178795269e-05+0.000466952556100609i,0.000280201515164512-1.27466382111393e-05i,-2.22141468291819e-05-3.72190949872969e-05i,4.78937139022188e-06-3.87689963060202e-06i,0.0168494429178243-0.00141245621026826i,0.00100484247820514+0.017106043586423i,-0.0122087628753084+0.000369149804017105i,-0.000344393544936785-0.00634170639996826i,0.00369376799239028-0.000463483210891223i,0.000197730764044284+0.00184514754855004i,-0.000387267459382273+1.2458983213438e-05i,-5.36102870272314e-05+0.000208570403965056i,-0.0003724308130438-1.67486336282395e-05i,-3.18117580423436e-05-0.000466952665063121i,0.000280201478726829+1.27454506569478e-05i,-2.22126817391618e-05+3.72192253347066e-05i,4.78919565298616e-06+3.8776538622219e-06i
