0.204947721619427+0i,0.0909149310024706+1.29660072218265e-11i,0.0285039046898245-7.815292498214e-11i,0.00746715150644567+1.64498680166819e-10i,0.00157111716953936-5.79714715152113e-11i,-0.000618913329554073+5.19237034974378e-11i,-0.000123984517042228-4.64206964740935e-11i,-0.000203138664342424+1.29797475438858e-10i,-0.000172747491150786+6.42677689741539e-11i,6.79729767447272e-05-2.93110964944567e-11i,1.01456054930323e-06-1.40275619652054e-12i,2.34073250214778e-05-4.39499981159224e-11i,4.52437603598252e-05+3.01998155130336e-11i,0.0855574481071742-5.97827070835275e-10i,-0.0368177611571969+1.52068970290084e-09i,0.0126889310791871-2.0532805207791e-10i,-0.00240341728936516-1.8142797583535e-10i,0.000299312354438477-5.27317666036925e-10i,0.000351870525957059-1.40942359534779e-10i,-6.96045046184141e-05-9.09716215744488e-11i,3.65885613206612e-05+8.45342863761076e-11i,-8.50164040897478e-06+1.11941168959727e-10i,-4.96833232366201e-05-7.72959741292262e-11i,1.67376268477626e-06+4.16556067629055e-11i,-5.25173848643752e-06-3.60776212661941e-11i,6.21104352747649e-06-1.84175834460629e-11i,0.120404194459373-0.0546832050431779i,-0.0230412849761479-0.0542173851574155i,-0.0171234900289287+0.00642686498565441i,0.00210274706220904+0.00373788006763411i,0.000649133504522915-0.000526874648915502i,7.53434058602597e-05+0.000452404698229447i,9.59656891161294e-05+3.46131019211874e-05i,-6.51673404197028e-05-5.65448478807989e-05i,-5.00418145626345e-05+7.4595841566518e-05i,-5.08199127529718e-06-5.28075984306128e-05i,-4.34398243631246e-06-1.04039557172841e-05i,5.04700490362813e-06+6.0225496224623e-06i,1.57035294354244e-05-1.91569903660771e-05i,0.120404192997831+0.0546832047861299i,-0.0230412832127943+0.0542173858809172i,-0.0171234899324827-0.00642686402784445i,0.00210274640947158-0.00373787994194229i,0.000649133682557415+0.000526875311141205i,7.53431579125052e-05-0.000452404923224715i,9.59654527760696e-05-3.46133712169161e-05i,-6.51672675333248e-05+5.65446836637656e-05i,-5.00419566706988e-05-7.45960830852342e-05i,-5.08181671177966e-06+5.28077329703503e-05i,-4.34401182761618e-06+1.04040258275688e-05i,5.04703774234038e-06-6.02243838575714e-06i,1.57035692380914e-05+1.91570088534495e-05i
0.0909149310024706-1.29660072218265e-11i,0.0407060092289662+0i,0.0127985089627833-1.82471089777751e-11i,0.00334961347505387+8.02033543189793e-11i,0.000706782846016973-4.31420080705311e-11i,-0.000284564387253123+3.67606278749596e-11i,-6.69886250103518e-05-2.21653093356283e-11i,-9.15349760845204e-05+6.04106085213533e-11i,-7.65367391638634e-05+4.04950041732215e-11i,3.08521079519044e-05-1.80261011758322e-11i,2.54722031969941e-06-6.61702016835342e-12i,1.09177519401132e-05-1.55684219063976e-11i,1.97614645670051e-05+1.37096211187866e-11i,0.0368177614677948-3.61150897218807e-10i,-0.0155486111820465+6.75519855339433e-10i,0.00533011600212088-5.93029886060279e-11i,-0.000975992535447449-9.65274590310937e-11i,0.000110303582486671-2.18731733653006e-10i,0.000145286259376648-5.36455147114497e-11i,-2.03516632908452e-05-4.78944533915867e-11i,1.19811689016549e-05+3.27538539650894e-11i,-1.99101179302244e-06+4.95263510283315e-11i,-2.09734643978902e-05-3.69556197307481e-11i,-8.74354174856978e-07+2.54543973106392e-11i,-1.52192441007955e-06-1.26293080109523e-11i,2.55888175984486e-06-9.33331684310084e-12i,0.054217386046644-0.0230412848261248i,-0.00936464323608992-0.024368357049635i,-0.00770487806947841+0.00254590165698957i,0.000842632162142454+0.00169312297898975i,0.000296199760264495-0.000210703882937108i,2.25132154605055e-05+0.000202106402932252i,4.22411222767034e-05+2.64430679605729e-05i,-2.52048660277548e-05-2.66215762989389e-05i,-2.33888261100978e-05+3.12871053708122e-05i,-1.58531267074982e-06-2.36580185407569e-05i,-1.77322256166129e-06-6.40104219453727e-06i,1.43065685069914e-06+2.83564486508089e-06i,7.27175700225869e-06-8.33078814615998e-06i,0.0542173848042201+0.0230412833068512i,-0.00936464187570812+0.024368357013652i,-0.00770487792452026-0.00254590104251934i,0.000842631811197674-0.00169312289227622i,0.00029619985143009+0.000210704152877425i,2.25130951708152e-05-0.000202106505325403i,4.22410204993811e-05-2.64431850906887e-05i,-2.52048192164604e-05+2.66215002854175e-05i,-2.33888899084892e-05-3.12872069084585e-05i,-1.58523317641848e-06+2.36580853568941e-05i,-1.77324250188918e-06+6.40106138126178e-06i,1.43067034322431e-06-2.83559201000321e-06i,7.2717704433154e-06+8.33079214841548e-06i
0.0285039046898245+7.815292498214e-11i,0.0127985089627833+1.82471089777751e-11i,0.00404505180016939+0i,0.0010560496740184+2.95812707225337e-11i,0.000222265601992031-1.30435988526915e-11i,-9.07442128579505e-05+1.88667113638438e-11i,-2.3109450576733e-05-7.07465399136173e-12i,-2.92308625963728e-05+1.99933514568923e-11i,-2.38349620978101e-05+1.33798859719905e-11i,9.83737517170589e-06-9.26550846052872e-12i,1.14205896623563e-06-2.23171585015735e-12i,3.57996034132693e-06-3.90130550718211e-12i,6.12479396035925e-06+3.8544179718469e-12i,0.0126889311937779-6.3288692869934e-10i,-0.0053301160068379+4.40543747202049e-10i,0.00180764860827348-8.74008153358183e-11i,-0.000347876493578247-1.25628602152324e-11i,4.42032081881335e-05-7.31924132917282e-11i,4.71160272574493e-05-2.0363412967899e-11i,-5.5252120766614e-06-1.4214073057522e-11i,5.26551396395643e-06+8.72049541977295e-12i,-1.98316179751576e-06+1.59256880976548e-11i,-6.78412238162686e-06-1.20802211949737e-11i,-5.17496560930252e-07+9.28827436827041e-12i,-6.35746820980603e-07-2.57986168865471e-12i,1.17364854575569e-06-3.53884243829928e-12i,0.0171234905861611-0.00642686478325185i,-0.00254590159139157-0.00770487821145304i,-0.00243084694250774+0.000678831702374608i,0.000226729199356488+0.000530173185311028i,9.20758821522717e-05-5.65987761407132e-05i,4.58455343434169e-06+6.43321693107295e-05i,1.31653963834068e-05+9.66416444147553e-06i,-6.6181439213029e-06-7.8811746420829e-06i,-7.13330349470186e-06+8.68895537890532e-06i,-3.54049956895238e-07-7.54957579584522e-06i,-5.18373953273072e-07-2.16934466047593e-06i,2.80606485435654e-07+7.98228228467032e-07i,2.25433536005053e-06-2.36924849277814e-06i,0.0171234895049053+0.0064268638904447i,-0.00254590095994154+0.00770487787704383i,-0.00243084680741711-0.000678831446964595i,0.000226729073793615-0.000530173131039274i,9.20758967120254e-05+5.65988595498121e-05i,4.58450392627493e-06-6.43322014724604e-05i,1.31653657325705e-05-9.66420306195122e-06i,-6.61812676924e-06+7.88115151694372e-06i,-7.13332017666403e-06-8.68898791465876e-06i,-3.54022148736526e-07+7.54959972963152e-06i,-5.18381259964466e-07+2.16934848889544e-06i,2.80610481075153e-07-7.98211101554902e-07i,2.25433792595856e-06+2.36924901235174e-06i
0.00746715150644567-1.64498680166819e-10i,0.00334961347505387-8.02033543189793e-11i,0.0010560496740184-2.95812707225337e-11i,0.000284124034986155+0i,6.1424718188144e-05+1.51339282157953e-12i,-2.28133905084374e-05+7.49565059796744e-12i,-5.95007451824828e-06+3.83155209643574e-13i,-8.36644758734157e-06+5.47726324144556e-12i,-6.83199774954187e-06+1.85626352796095e-12i,2.40427788296522e-06-3.43081833423262e-12i,2.89539818535582e-07-1.52344652997825e-12i,1.03358712348602e-06-1.62486464782437e-12i,1.72805918127572e-06+1.61410845556651e-12i,0.00240341733751865-4.55959081144947e-10i,-0.000975992547922021+2.65281704757981e-10i,0.000347876497889731-7.09483054081802e-11i,-5.92002470117095e-05+9.97187640742463e-12i,4.80367246594175e-06-2.14329525672217e-11i,9.45103056323334e-06-8.32153346727131e-12i,-8.99371178436627e-07-2.70501645084993e-12i,7.68065399790752e-07+2.27848739349142e-12i,2.08359370497566e-07+3.96345801252376e-12i,-1.52379076247653e-06-2.97957406550144e-12i,-1.51822930598897e-07+2.48892593114688e-12i,-1.11143776158021e-07-1.21546531884869e-12i,1.21319440949356e-07-1.07461564607658e-12i,0.00373788007516478-0.00210274714658855i,-0.00084263220604715-0.0016931229520391i,-0.000530173167299981+0.000226729218275714i,7.55148021839839e-05+0.000111974609530889i,1.88112931062248e-05-1.89088558799755e-05i,1.70150890008561e-06+1.45428883973754e-05i,2.92859280212229e-06+2.82570822172262e-06i,-2.23227462801845e-06-1.28491648037426e-06i,-1.31004933400488e-06+2.85673974049457e-06i,-1.00041468774664e-07-1.70809108862843e-06i,-1.1930880711908e-07-6.55025306740977e-07i,1.17385094503454e-07+1.05857234930391e-07i,4.43980868367626e-07-7.67875757778257e-07i,0.00373787969136201+0.00210274643418368i,-0.000842631805310706+0.00169312282643744i,-0.000530173116989412-0.000226729077756011i,7.55147576623e-05-0.000111974584147355i,1.88112973000343e-05+1.89088706666389e-05i,1.70149164168251e-06-1.45429014701943e-05i,2.92858430702019e-06-2.82571721277752e-06i,-2.2322698247465e-06+1.28490817466727e-06i,-1.31005267506143e-06-2.85674771225331e-06i,-1.00033226061776e-07+1.70809914156283e-06i,-1.19311016058858e-07+6.55025694940583e-07i,1.17386188427182e-07-1.05851730167715e-07i,4.43980903432077e-07+7.67875420607009e-07i
0.00157111716953936+5.79714715152113e-11i,0.000706782846016973+4.31420080705311e-11i,0.000222265601992031+1.30435988526915e-11i,6.1424718188144e-05-1.51339282157953e-12i,1.36572090411642e-05+0i,-4.65560662882392e-06-3.90939902513672e-13i,-1.29127837330723e-06+3.94505352693592e-13i,-1.89267394280099e-06+1.74511188668013e-12i,-1.56270157074184e-06+5.38683237697733e-13i,4.59666800815545e-07-2.99166945490144e-13i,6.93234483062771e-08-5.40299967890737e-13i,2.38173228396891e-07-6.10227561417143e-13i,3.8763745998629e-07+3.79314211904402e-13i,0.000299312570970454+4.49701196060223e-10i,-0.000110303669924517-1.64123068299833e-10i,4.420323325402e-05+4.87731938056809e-11i,-4.80367927938223e-06-1.34996353013643e-11i,-6.63205380209023e-07-1.04985174195173e-12i,1.33792673091684e-06-2.07598483341393e-12i,-6.2441557773283e-09+2.10444313125315e-13i,-1.75383630043017e-08+5.7440740850876e-13i,2.21926717447983e-07+2.30086331310733e-13i,-2.70688614478436e-07-2.66675471658788e-13i,-4.40036947162674e-08+3.34792292830664e-13i,-1.5440076990744e-09-3.58065690106803e-13i,-1.81318146910501e-08-1.11734066575708e-13i,0.000649133682424329-0.000526874616355225i,-0.00021070387330453-0.000296199833588146i,-9.20759043072457e-05+5.65987754031251e-05i,1.89088529631233e-05+1.88112956328723e-05i,3.06442738917906e-06-4.76250790927322e-06i,3.99674258782709e-07+2.62013697035225e-06i,5.19395240750047e-07+7.22365898070404e-07i,-5.57659396522331e-07-1.47421110803083e-07i,-1.90623828086182e-07+7.23033388010116e-07i,-1.08413664279094e-08-3.05302591076475e-07i,-2.29658445777211e-08-1.65976805901822e-07i,3.14210675201664e-08+6.86225213632905e-09i,6.97341243318151e-08-1.93796155665089e-07i,0.000649134174335601+0.000526875303732944i,-0.000210704153988061+0.000296200079891644i,-9.20759720338349e-05-5.65988649144134e-05i,1.89088720044645e-05-1.88113167586079e-05i,3.06443680731798e-06+4.76251614846675e-06i,3.99672875279852e-07-2.62014227167525e-06i,5.19393711680256e-07-7.22366958311463e-07i,-5.57658723179381e-07+1.47419881642392e-07i,-1.90625583833474e-07-7.23035813892587e-07i,-1.08394628818051e-08+3.05304502560227e-07i,-2.29664763009339e-08+1.65976678034611e-07i,3.14214923697641e-08-6.86112270046342e-09i,6.97342649289975e-08+1.93796112359455e-07i
-0.000618913329554073-5.19237034974378e-11i,-0.000284564387253123-3.67606278749596e-11i,-9.07442128579505e-05-1.88667113638438e-11i,-2.28133905084374e-05-7.49565059796744e-12i,-4.65560662882392e-06+3.90939902513672e-13i,2.34111830788901e-06+0i,7.01252892635827e-07+1.19020979363588e-12i,6.04767691746641e-07+1.19236794841534e-13i,4.45257339927884e-07-9.54062948463595e-13i,-2.83817432033769e-07+1.62225073660075e-13i,-5.9673188749947e-08+1.38567903514816e-13i,-8.2070910665346e-08-3.65227620681042e-13i,-1.13889115700252e-07-4.19293366825666e-14i,-0.000351870525414353-1.21785720134444e-10i,0.000145286271600075+3.82237876672824e-11i,-4.71160328551748e-05-1.71861405328431e-11i,9.45103225867442e-06+7.57442603407825e-12i,-1.33792715301766e-06-1.19623643307153e-12i,-1.02765041503032e-06+4.49289483650095e-13i,-8.72749243109526e-09+7.02437075909152e-13i,-1.10479648801106e-07-6.29488058321375e-14i,1.08799581948101e-07-3.5804628621106e-14i,1.21874278191394e-07+8.96608088398075e-14i,4.1596008929814e-08-5.3713536591452e-13i,2.3063552646477e-09-1.87468758246234e-13i,-4.74925656916834e-08+7.45409895751508e-14i,-0.000452404720551995+7.53432490245074e-05i,2.25131325059349e-05+0.00020210640622599i,6.43321695358516e-05-4.58452805097437e-06i,-1.70150113478146e-06-1.45428902169695e-05i,-2.62013667412047e-06+3.99671828794785e-07i,1.89171044815491e-07-1.63627736657894e-06i,-3.46165147604354e-07-3.58540314215185e-07i,1.69568811519614e-08+2.74194811347789e-07i,2.2308552726098e-07-1.01860676818441e-07i,-1.5532926901545e-08+1.94123883792745e-07i,1.29651641817432e-08+6.96372701737041e-08i,2.1369108485695e-08-3.12262806759216e-08i,-6.72606222101133e-08+3.54652434996607e-08i,-0.000452404902286387-7.53429802279004e-05i,2.2513015569518e-05-0.000202106503283273i,6.43321995414684e-05+4.58448182246154e-06i,-1.70148313611246e-06+1.45429001497569e-05i,-2.62014053485428e-06-3.99669456066943e-07i,1.8917270239693e-07+1.63627970275282e-06i,-3.46165512637207e-07+3.58541866486574e-07i,1.69548859332205e-08-2.74195036852197e-07i,2.23086166284507e-07+1.01860644888249e-07i,-1.55335203919421e-08-1.94124920577215e-07i,1.29658804796431e-08-6.96368495456826e-08i,2.1369305491386e-08+3.12260282280072e-08i,-6.72604797735284e-08-3.54649839403365e-08i
-0.000123984517042228+4.64206964740935e-11i,-6.69886250103518e-05+2.21653093356283e-11i,-2.3109450576733e-05+7.07465399136173e-12i,-5.95007451824828e-06-3.83155209643574e-13i,-1.29127837330723e-06-3.94505352693592e-13i,7.01252892635827e-07-1.19020979363588e-12i,5.23908384305706e-07+0i,2.04028783763355e-07-2.829157647298e-14i,1.00736707089553e-07-8.35364949841429e-14i,-6.3026471111423e-08+4.9091955306116e-13i,-7.88009475727077e-08+1.37882063133094e-13i,-3.9671476690054e-08-1.56449909703851e-13i,-1.69325918577614e-08-6.26431548680991e-14i,-6.96043969244109e-05+2.27235928775771e-10i,2.03516178069727e-05-1.03185266842249e-10i,-5.52519858479508e-06+3.03110634284481e-11i,8.99366842607656e-07-7.53781217316983e-12i,-6.24318640280265e-09+1.65117533926682e-12i,8.72794106415862e-09+7.55371973199112e-13i,-2.60648232209316e-07+7.08650596274038e-14i,1.23950049416443e-08+2.36883337346631e-13i,1.48804295538917e-08-2.03114314959131e-13i,1.36908300424589e-08+1.06288226671331e-13i,4.96560111537371e-08-2.7470564388541e-13i,-7.78890289318431e-09-1.13267302220551e-13i,-1.40834050998344e-08+1.06845451976158e-13i,-9.59657733799511e-05-3.46131424027112e-05i,-2.64430738740373e-05+4.22411605546237e-05i,1.31654086528783e-05+9.66416453539979e-06i,2.82570876854949e-06-2.92859633439379e-06i,-5.19396025033965e-07-7.22366210049072e-07i,3.58539174693056e-07-3.46165416124684e-07i,-2.49824610196452e-08-3.88289319209645e-07i,-1.17967876144057e-07+4.08626741642606e-08i,4.6016772239184e-08+5.44381471441527e-08i,-2.14512893879357e-08+4.64141713327785e-08i,-7.47125324407391e-09+6.31427334236563e-08i,2.53130128719078e-08-4.03848905138613e-10i,-1.59618607682701e-08-4.06123038655968e-09i,-9.59655970859322e-05+3.46134899667635e-05i,-2.64432309317967e-05-4.22410846385009e-05i,1.31653869084698e-05-9.66421492904774e-06i,2.82572079507951e-06+2.92858867151195e-06i,-5.19393958371679e-07+7.22368512379809e-07i,3.58541427981315e-07+3.46166107823063e-07i,-2.4982566118142e-08+3.88289806757737e-07i,-1.17968517147815e-07-4.08623830477567e-08i,4.60163804247403e-08-5.44383637969364e-08i,-2.14516737461341e-08-4.6414874000576e-08i,-7.47095561240979e-09-6.31424377604763e-08i,2.53130942256225e-08+4.03616575112625e-10i,-1.59616130685236e-08+4.06142850794282e-09i
-0.000203138664342424-1.29797475438858e-10i,-9.15349760845204e-05-6.04106085213533e-11i,-2.92308625963728e-05-1.99933514568923e-11i,-8.36644758734157e-06-5.47726324144556e-12i,-1.89267394280099e-06-1.74511188668013e-12i,6.04767691746641e-07-1.19236794841534e-13i,2.04028783763355e-07+2.829157647298e-14i,2.97569052300529e-07+0i,2.19386327198879e-07+1.76130287239078e-13i,-6.58015674296689e-08+2.69226131402561e-13i,-1.49962615249923e-08+1.14331805176387e-13i,-4.01347041518648e-08-5.04934613388405e-15i,-5.41141810836528e-08-9.70438913146304e-14i,-3.6588576603314e-05-5.43093913269519e-11i,1.19811767027771e-05+1.74936390215488e-11i,-5.26551626654428e-06-6.60229707446991e-12i,7.68066734886405e-07+1.14388734345641e-12i,1.75379481455284e-08+2.47438491277335e-13i,-1.10479482002238e-07+3.23848140522064e-13i,-1.23948272829734e-08+1.81472112976204e-15i,-3.12145043524075e-08+4.76726986238384e-14i,-1.37097561750853e-08-1.98290449369059e-14i,2.77118145706113e-08+4.85443823410573e-14i,9.71028789349841e-09-1.46961529838086e-13i,5.31399321347898e-09+5.14159689351097e-15i,-2.17376400647795e-09+5.75474574381167e-14i,-5.65447459142848e-05+6.51671368281927e-05i,2.52047751706977e-05+2.66215263227909e-05i,7.88115930404933e-06-6.6181168201815e-06i,-2.23226701136968e-06-1.2849134094985e-06i,-1.47420835138553e-07+5.57657704588156e-07i,-1.69566961050119e-08-2.74194067527271e-07i,-4.08624704613038e-08-1.17967993546046e-07i,6.20578469431e-08-2.42839465944438e-08i,-6.15900253332368e-09-8.85377361304413e-08i,-1.85350508822095e-09+3.54110675165824e-08i,-3.86752409339223e-10+2.62648085591954e-08i,-1.23522842778366e-09+6.16994832081622e-09i,-2.70718500720345e-09+2.44759364883791e-08i,-5.65446949742098e-05-6.51672351464455e-05i,2.52048154779038e-05-2.66215089904326e-05i,7.88115445844694e-06+6.61812732786015e-06i,-2.23226807303055e-06+1.28491036793581e-06i,-1.47420333240924e-07-5.57657661372551e-07i,-1.6956200020387e-08+2.74195304372144e-07i,-4.08624743167841e-08+1.17968254483167e-07i,6.20573686905867e-08+2.42843266949716e-08i,-6.15927374829359e-09+8.8537876158916e-08i,-1.85383099984745e-09-3.54116651191378e-08i,-3.86577690144442e-10-2.62646479989678e-08i,-1.23519334305572e-09-6.17016376997701e-09i,-2.70701180053123e-09-2.44758438537818e-08i
-0.000172747491150786-6.42677689741539e-11i,-7.65367391638634e-05-4.04950041732215e-11i,-2.38349620978101e-05-1.33798859719905e-11i,-6.83199774954187e-06-1.85626352796095e-12i,-1.56270157074184e-06-5.38683237697733e-13i,4.45257339927884e-07+9.54062948463595e-13i,1.00736707089553e-07+8.35364949841429e-14i,2.19386327198879e-07-1.76130287239078e-13i,1.92300256289647e-07+0i,-3.93299550514639e-08-1.62375491468604e-13i,-1.30019539143742e-09+1.25287327333045e-14i,-2.56824210718044e-08+9.55828295086771e-14i,-4.78510422299812e-08-1.94000743962426e-14i,-8.50166115868025e-06-1.52738541897164e-10i,1.99102738421719e-06+5.30160281990522e-11i,-1.98316643935649e-06-1.44042539158872e-11i,-2.08358787834683e-07+3.15376244304566e-12i,2.21926972658996e-07-5.57391452898653e-14i,-1.08800181882893e-07+5.9564999744148e-13i,1.48806966971189e-08-3.85244246287486e-13i,1.37098330679117e-08-1.19478990523895e-16i,-4.50207910372745e-08+1.04071181732607e-13i,2.80570349086836e-08-1.38959827587786e-13i,6.04339082891713e-10+6.08433196582648e-14i,8.88123835629812e-10+3.26953156155262e-14i,8.28302675411593e-09-3.49349989528983e-14i,-5.00418385758372e-05+7.45959399531087e-05i,3.12871543219112e-05+2.33888291309968e-05i,7.13330364800027e-06-8.68896995414792e-06i,-2.85674480572636e-06-1.31004880145487e-06i,-1.90623667416852e-07+7.2303505231049e-07i,-1.01861306561373e-07-2.23085027934483e-07i,-4.6016489472688e-08-5.44378169425118e-08i,8.85381879354229e-08-6.159096449993e-09i,6.0617466911317e-09-1.01306197592756e-07i,5.31912872950503e-09+2.46132477156974e-08i,3.2027326776106e-09+1.57368112578016e-08i,-8.30905939800656e-09+1.83978291874456e-09i,-3.3346109085202e-09+2.57459768704503e-08i,-5.00420229406434e-05-7.45962264028851e-05i,3.1287277012036e-05-2.33889297727796e-05i,7.1333340508761e-06+8.68900963430207e-06i,-2.85675397933321e-06+1.31005730583129e-06i,-1.90626322906041e-07-7.23037538714548e-07i,-1.01861796335728e-07+2.23086958572803e-07i,-4.60166553016913e-08+5.44379312473718e-08i,8.85383283385101e-08+6.15911094414429e-09i,6.06191268278159e-09+1.0130671533589e-07i,5.31890750313898e-09-2.46135537155264e-08i,3.20277703769314e-09-1.57369003604774e-08i,-8.30913753956393e-09-1.83977357070682e-09i,-3.33463019237838e-09-2.57460358968999e-08i
6.79729767447272e-05+2.93110964944567e-11i,3.08521079519044e-05+1.80261011758322e-11i,9.83737517170589e-06+9.26550846052872e-12i,2.40427788296522e-06+3.43081833423262e-12i,4.59666800815545e-07+2.99166945490144e-13i,-2.83817432033769e-07-1.62225073660075e-13i,-6.3026471111423e-08-4.9091955306116e-13i,-6.58015674296689e-08-2.69226131402561e-13i,-3.93299550514639e-08+1.62375491468604e-13i,4.72107383747159e-08+0i,3.6627447671719e-09+2.65796859705274e-14i,7.93248311338663e-09+1.66897451413507e-13i,1.15516387218569e-08-1.99964178132495e-14i,4.96832971341612e-05+5.96457238157422e-11i,-2.0973454741242e-05-2.1283975093348e-11i,6.78412054765696e-06+8.4285853668077e-12i,-1.52379067219253e-06-3.42711123985029e-12i,2.7068877903949e-07+1.04529163793064e-12i,1.21874127625693e-07-7.86842339776761e-14i,-1.36908785889242e-08-1.91758497449136e-13i,2.77119191468214e-08+4.46358942808647e-14i,-2.80569086680075e-08-1.3571037797775e-13i,-5.66202811901102e-09+6.854710709052e-14i,-4.28226436974099e-09+1.30508542668426e-13i,-2.45595189374675e-09+6.20466445620433e-14i,9.27744706907241e-09+6.5672825996874e-15i,5.28075366240883e-05-5.08176148991979e-06i,-1.58519712995679e-06-2.36579917222543e-05i,-7.54956847127311e-06+3.54014956150294e-07i,1.00031345950304e-07+1.70809055723715e-06i,3.05302543194769e-07-1.08386069440608e-08i,-1.55341258093091e-08+1.94123779036222e-07i,4.64142614021504e-08+2.14518568412432e-08i,1.85388224793038e-09-3.54112891530272e-08i,-2.46133522729674e-08+5.31890352990617e-09i,-2.39008858736252e-09-2.42086187902178e-08i,-2.12374497016321e-09-5.11150849966911e-09i,-4.73307169774888e-09+4.33779587069547e-09i,7.87955154299424e-09-2.56503240519162e-09i,5.2807609331448e-05+5.08163388325566e-06i,-1.58514329473562e-06+2.36580288586058e-05i,-7.54958057734107e-06-3.53993463890611e-07i,1.00023566285188e-07-1.70809423951834e-06i,3.05303582648629e-07+1.08365932977805e-08i,-1.55344895019591e-08-1.94124421208705e-07i,4.64146206434955e-08-2.14522955333724e-08i,1.85456659834692e-09+3.54115373682311e-08i,-2.46133657301337e-08-5.31858242828498e-09i,-2.39008368102224e-09+2.4208801086805e-08i,-2.12390107309116e-09+5.11140529797445e-09i,-4.73320891579099e-09-4.33785339684607e-09i,7.87947741227365e-09+2.5649372744133e-09i
1.01456054930323e-06+1.40275619652054e-12i,2.54722031969941e-06+6.61702016835342e-12i,1.14205896623563e-06+2.23171585015735e-12i,2.89539818535582e-07+1.52344652997825e-12i,6.93234483062771e-08+5.40299967890737e-13i,-5.9673188749947e-08-1.38567903514816e-13i,-7.88009475727077e-08-1.37882063133094e-13i,-1.49962615249923e-08-1.14331805176387e-13i,-1.30019539143742e-09-1.25287327333045e-14i,3.6627447671719e-09-2.65796859705274e-14i,1.44835694033904e-08+0i,4.71582814459011e-09+7.35972043578275e-14i,-1.58503704504015e-09+8.50055655606941e-15i,1.67371553432506e-06-1.03882802612092e-10i,8.74372133792816e-07+5.32024971941384e-11i,-5.17501944726939e-07-1.67495717999509e-11i,1.51824796130587e-07+4.62852386825282e-12i,-4.40042007818249e-08-1.07245038921219e-12i,-4.1595963034796e-08-6.40433338809108e-13i,4.96559759936475e-08+2.05898873377463e-13i,-9.71034621480802e-09-1.97301986266098e-13i,6.044466711427e-10+7.55004757121999e-14i,4.28221827993342e-09+6.48539375594573e-14i,-8.10860549918456e-09+1.96680406898886e-14i,2.21101731548638e-09+7.04881717226054e-14i,9.1327116269814e-10-2.04016216782217e-14i,4.34407505040466e-06+1.04039864773963e-05i,6.4010446165839e-06-1.77325735601026e-06i,-5.18384275776582e-07-2.16934346239254e-06i,-6.55025583886891e-07+1.19311598706964e-07i,2.29664721393527e-08+1.65977074952642e-07i,-6.96364166973683e-08+1.29649710474069e-08i,-7.47139015475342e-09+6.31424608117917e-08i,2.62647448600497e-08+3.86727997000547e-10i,-3.20290434915931e-09-1.57369905685718e-08i,5.11123270112947e-09-2.1236141539959e-09i,1.9166321693098e-09-1.0217888466141e-08i,-4.8065037057093e-09-8.84650851863397e-10i,1.12961115451328e-09+2.39366022000282e-09i,4.34403698267744e-06-1.04040948983039e-05i,6.40109343037935e-06+1.77325374782834e-06i,-5.18384807405925e-07+2.1693586024822e-06i,-6.5502894077734e-07-1.19310814575457e-07i,2.29661476502132e-08-1.65977627111314e-07i,-6.96370163987691e-08-1.29660749201515e-08i,-7.47101798898811e-09-6.31425875861034e-08i,2.62648351240041e-08-3.86710112106451e-10i,-3.2026777447745e-09+1.57370339304413e-08i,5.11132276621416e-09+2.12397026903263e-09i,1.91651246331743e-09+1.02178393659222e-08i,-4.80651960375658e-09+8.84628057367061e-10i,1.12951468792255e-09-2.39369723348122e-09i
2.34073250214778e-05+4.39499981159224e-11i,1.09177519401132e-05+1.55684219063976e-11i,3.57996034132693e-06+3.90130550718211e-12i,1.03358712348602e-06+1.62486464782437e-12i,2.38173228396891e-07+6.10227561417143e-13i,-8.2070910665346e-08+3.65227620681042e-13i,-3.9671476690054e-08+1.56449909703852e-13i,-4.01347041518648e-08+5.04934613388405e-15i,-2.56824210718044e-08-9.55828295086771e-14i,7.93248311338663e-09-1.66897451413507e-13i,4.71582814459011e-09-7.35972043578275e-14i,6.99986917933681e-09+0i,5.78090627361021e-09+4.98348298389737e-14i,5.25172578482162e-06-6.2918730334672e-11i,-1.52192094294554e-06+2.52137825462391e-11i,6.35746019004811e-07-6.86725787245074e-12i,-1.11143752439474e-07+2.36322793952275e-12i,1.5440788323013e-09-6.83070103951432e-13i,2.3063650338366e-09+4.81935286890002e-14i,7.78882408593061e-09-5.71226514056317e-14i,5.31399748372723e-09-7.41697850911089e-14i,-8.88097184055163e-10+1.28013249003601e-13i,-2.45595035059581e-09-1.02418109639618e-13i,-2.21100291257666e-09+4.97760657710501e-14i,-1.28260166043442e-11+8.72624094559069e-15i,1.15304460807605e-09-4.62788032974645e-14i,6.02257833294784e-06-5.04698009601284e-06i,-1.43064641175737e-06-2.83565759763058e-06i,-7.9823123048643e-07+2.8060383848224e-07i,1.17384078393245e-07+1.05858331280999e-07i,6.86269431370221e-09-3.14208136519765e-08i,-2.13690117406278e-08+3.12262800919289e-08i,4.03785171689686e-10+2.53130398524384e-08i,-1.23524095402322e-09+6.16992255933572e-09i,1.8396787221035e-09+8.308942543492e-09i,4.73293216438635e-09-4.33772618155137e-09i,8.84644823048498e-10-4.80654282880771e-09i,-1.04068057281672e-09-1.49789024835657e-09i,1.87009958940066e-10-2.62061759382621e-09i,6.02244709579369e-06+5.04696126110866e-06i,-1.430636710169e-06+2.83559646376276e-06i,-7.98212977147901e-07-2.80600825635957e-07i,1.17383404473317e-07-1.05852243330561e-07i,6.8611255120111e-09+3.14206773818594e-08i,-2.13693045364415e-08-3.12261154255616e-08i,4.03657994212867e-10-2.53130865345292e-08i,-1.23514469951404e-09-6.17018892956873e-09i,1.83985750180318e-09-8.30896682415197e-09i,4.7330256845686e-09+4.33790152060163e-09i,8.84592289256425e-10+4.80647557699615e-09i,-1.04067752599403e-09+1.49802041984427e-09i,1.8694212573542e-10+2.62058583806975e-09i
4.52437603598252e-05-3.01998155130336e-11i,1.97614645670051e-05-1.37096211187866e-11i,6.12479396035925e-06-3.8544179718469e-12i,1.72805918127572e-06-1.61410845556651e-12i,3.8763745998629e-07-3.79314211904402e-13i,-1.13889115700252e-07+4.19293366825666e-14i,-1.69325918577614e-08+6.26431548680991e-14i,-5.41141810836528e-08+9.70438913146304e-14i,-4.78510422299812e-08+1.94000743962426e-14i,1.15516387218569e-08+1.99964178132495e-14i,-1.58503704504025e-09-8.50055655606941e-15i,5.78090627361021e-09-4.98348298389737e-14i,1.25170437632023e-08+0i,6.21103578172149e-06+6.83898539046175e-11i,-2.5588803726783e-06-3.00365022312264e-11i,1.1736482310031e-06+8.96560278393296e-12i,-1.21319025813688e-07-2.68444585843598e-12i,-1.81320422058967e-08+5.96327544509669e-13i,4.74927399156509e-08+1.05618771183225e-13i,-1.40834792519089e-08-1.56620309879331e-14i,2.17372695840358e-09+1.09564998744505e-13i,8.28304723456695e-09-7.83030931799117e-14i,-9.27749439175895e-09+1.72256435968695e-14i,9.1329995942188e-10-3.32521195112824e-15i,-1.15304883375065e-09-4.67205235203123e-14i,-1.28587768155974e-09+1.71663538272023e-14i,1.57034987417096e-05-1.91570051298333e-05i,-8.33079159547076e-06-7.27174359525483e-06i,-2.25433122151222e-06+2.36924872590585e-06i,7.67876010067473e-07+4.43979492504356e-07i,6.97338005329745e-08-1.93796313215916e-07i,3.54650657363299e-08+6.72605594706076e-08i,1.59618314179983e-08+4.06128817580376e-09i,-2.44759607262832e-08-2.70712817568165e-09i,-3.33454796642059e-09+2.57459971264384e-08i,-2.56499825599895e-09-7.87956313935685e-09i,-1.12957485261381e-09-2.39363482293898e-09i,2.62061675834154e-09+1.8698565416322e-10i,1.45084091827496e-09-6.33104272485312e-09i,1.57035835298731e-05+1.91570439810475e-05i,-8.33080799318212e-06+7.2717769011075e-06i,-2.25434009039689e-06-2.36925378766726e-06i,7.67877078951532e-07-4.43982470573948e-07i,6.97347335225892e-08+1.93796632292251e-07i,3.54651414197523e-08-6.72604589466144e-08i,1.59616512396323e-08-4.06135044588054e-09i,-2.44759773083215e-08+2.70711420898323e-09i,-3.33470573451758e-09-2.57460784660761e-08i,-2.56496257416545e-09+7.87945377247153e-09i,-1.12953092808967e-09+2.39367787012634e-09i,2.62062431864821e-09-1.86973409419278e-10i,1.45088529844315e-09+6.33105593164002e-09i
0.0855574481071742+5.97827070835275e-10i,0.0368177614677948+3.61150897218807e-10i,0.0126889311937779+6.3288692869934e-10i,0.00240341733751865+4.55959081144947e-10i,0.000299312570970454-4.49701196060223e-10i,-0.000351870525414353+1.21785720134444e-10i,-6.96043969244109e-05-2.27235928775771e-10i,-3.6588576603314e-05+5.43093913269519e-11i,-8.50166115868025e-06+1.52738541897164e-10i,4.96832971341612e-05-5.96457238157422e-11i,1.67371553432506e-06+1.03882802612092e-10i,5.25172578482162e-06+6.2918730334672e-11i,6.21103578172149e-06-6.83898539046175e-11i,0.204947721621509+0i,-0.0909149310054163-2.08416425540336e-11i,0.0285039046906771-1.07640524206904e-10i,-0.00746715149783284-2.26090948335708e-10i,0.0015711171884718-3.06649561595105e-10i,0.00061891336840284-2.59557385638148e-11i,-0.00012398448920947-5.2402407876341e-11i,0.000203138745753497-1.13079822765196e-11i,-0.000172747473403485+6.20545707647322e-11i,-6.79729785909113e-05-3.68930012567067e-11i,1.01454221481661e-06+5.32421440361883e-11i,-2.34073536487617e-05+7.47193824404803e-11i,4.52437383194308e-05-8.96015560971979e-12i,0.120404193592614+0.0546832046265329i,0.0230412839408565-0.0542173853863497i,-0.0171234896163505-0.00642686430962551i,-0.00210274640912764+0.00373787991692315i,0.000649133780837187+0.000526875413946505i,-7.53431543891782e-05+0.000452404917323198i,9.59655787912892e-05-3.46134352715972e-05i,6.51672470965843e-05-5.65447813153454e-05i,-5.00419536425995e-05-7.45960577991224e-05i,5.0817832772282e-06-5.28076876619598e-05i,-4.34399247167355e-06+1.0404023253777e-05i,-5.04699951704659e-06+6.02251056121681e-06i,1.57035699632818e-05+1.91570037701184e-05i,0.120404194020676-0.0546832051036499i,0.0230412843691804+0.0542173860516381i,-0.0171234904642019+0.00642686466149173i,-0.00210274709558255-0.00373788015835097i,0.000649133299691233-0.000526874697785572i,-7.53435062654873e-05-0.000452404779520679i,9.59655752029591e-05+3.46130634305437e-05i,6.51672956977464e-05+5.65448845273304e-05i,-5.00418861359401e-05+7.45958833364599e-05i,5.08189806568542e-06+5.28076678352016e-05i,-4.34396934729665e-06-1.04039576548172e-05i,-5.04701189872239e-06-6.02256003079005e-06i,1.57035703783015e-05-1.91569705921425e-05i
-0.0368177611571969-1.52068970290084e-09i,-0.0155486111820465-6.75519855339433e-10i,-0.0053301160068379-4.40543747202049e-10i,-0.000975992547922021-2.65281704757981e-10i,-0.000110303669924517+1.64123068299833e-10i,0.000145286271600075-3.82237876672824e-11i,2.03516178069727e-05+1.03185266842249e-10i,1.19811767027771e-05-1.74936390215488e-11i,1.99102738421719e-06-5.30160281990522e-11i,-2.0973454741242e-05+2.1283975093348e-11i,8.74372133792816e-07-5.32024971941384e-11i,-1.52192094294554e-06-2.52137825462391e-11i,-2.5588803726783e-06+3.00365022312264e-11i,-0.0909149310054163+2.08416425540336e-11i,0.040706009223583+0i,-0.0127985089540253+3.87936143705185e-11i,0.00334961347258591+1.02133706336964e-10i,-0.000706782847834061+1.49153714567867e-10i,-0.000284564417131581+1.44845363324221e-11i,6.69886146124981e-05+2.21718123546031e-11i,-9.15350128848509e-05-3.32679502859434e-12i,7.65367375107675e-05-2.76381410918966e-11i,3.0852110568261e-05+1.47018109385759e-11i,-2.54721466824978e-06-1.82754933398235e-11i,1.09177669721978e-05-2.84661630508188e-11i,-1.97614565881363e-05+2.31788472662162e-12i,-0.0542173860394654-0.0230412838371981i,-0.00936464244274578+0.0243683572366113i,0.00770487791502017+0.00254590121880767i,0.000842631824448726-0.00169312293011531i,-0.000296199907837914-0.000210704210359839i,2.25131045949469e-05-0.000202106505161397i,-4.22410778969974e-05+2.64432197002849e-05i,-2.52048216723675e-05+2.66215445886287e-05i,2.3388891834802e-05+3.1287198948111e-05i,-1.58522154975762e-06+2.36580650021766e-05i,1.77322715319095e-06-6.40107348876884e-06i,1.43065357818573e-06-2.8356246081063e-06i,-7.27177106004734e-06-8.33079363120045e-06i,-0.0542173847135015+0.0230412845010701i,-0.00936464283882289-0.0243683569246019i,0.00770487810538479-0.00254590149580748i,0.000842632176777883+0.00169312297068838i,-0.000296199655466054+0.000210703895576361i,2.25132497309926e-05+0.000202106435949199i,-4.22410703839801e-05-2.64430449725589e-05i,-2.52048353855434e-05-2.6621589568852e-05i,2.33888589526427e-05-3.128712154115e-05i,-1.58526807962428e-06-2.36580488466601e-05i,1.77320921452437e-06+6.40102981806359e-06i,1.43065983783893e-06+2.83565003754008e-06i,-7.27177551177154e-06+8.33077553980284e-06i
0.0126889310791871+2.0532805207791e-10i,0.00533011600212088+5.93029886060279e-11i,0.00180764860827348+8.74008153358183e-11i,0.000347876497889731+7.09483054081802e-11i,4.420323325402e-05-4.87731938056809e-11i,-4.71160328551748e-05+1.71861405328431e-11i,-5.52519858479508e-06-3.03110634284481e-11i,-5.26551626654428e-06+6.60229707446991e-12i,-1.98316643935649e-06+1.44042539158872e-11i,6.78412054765696e-06-8.4285853668077e-12i,-5.17501944726939e-07+1.67495717999509e-11i,6.35746019004811e-07+6.86725787245074e-12i,1.1736482310031e-06-8.96560278393296e-12i,0.0285039046906771+1.07640524206904e-10i,-0.0127985089540253-3.87936143705185e-11i,0.00404505179761114+0i,-0.00105604967512472-3.67973264298464e-11i,0.000222265601649807-4.8807291019398e-11i,9.07442225150596e-05-8.56155856005186e-12i,-2.31094487620173e-05-6.07511086685814e-12i,2.92308737987482e-05+1.97876273294063e-12i,-2.38349630880952e-05+8.91262269144369e-12i,-9.83737542842788e-06-4.54810701698841e-12i,1.14205819415303e-06+5.73456651995769e-12i,-3.57996512591492e-06+8.14302877105697e-12i,6.1247920166933e-06-1.03049740606207e-12i,0.0171234900566057+0.00642686415790472i,0.00254590117247123-0.00770487804022216i,-0.00243084683347401-0.00067883150744122i,-0.000226729078795799+0.000530173152148972i,9.20759209475799e-05+5.65988799320112e-05i,-4.58450841904166e-06+6.43321991571746e-05i,1.31653841634147e-05-9.6642134141089e-06i,6.61812797134946e-06-7.88116492848446e-06i,-7.13332199306494e-06-8.68898614114408e-06i,3.5401773019295e-07-7.54959084226176e-06i,-5.1837529883937e-07+2.16935365093298e-06i,-2.80605820587247e-07+7.98221866330782e-07i,2.25433870571746e-06+2.36924957592121e-06i,0.0171234898409018-0.00642686460992618i,0.00254590144848056+0.00770487800625232i,-0.00243084689882258+0.000678831648613051i,-0.000226729202624908-0.00053017316617434i,9.20758423376476e-05-5.65987809820483e-05i,-4.58456252975533e-06-6.43321806907052e-05i,1.31653792745338e-05+9.66415637046266e-06i,6.6181329658548e-06+7.88117743468684e-06i,-7.1333120851373e-06+8.68895984916242e-06i,3.54035282743628e-07+7.54958747484587e-06i,-5.18369795856751e-07-2.16933947945479e-06i,-2.80607576937802e-07-7.98228491489652e-07i,2.25434016406225e-06-2.36924406526484e-06i
-0.00240341728936516+1.8142797583535e-10i,-0.000975992535447449+9.65274590310937e-11i,-0.000347876493578247+1.25628602152324e-11i,-5.92002470117095e-05-9.97187640742463e-12i,-4.80367927938223e-06+1.34996353013643e-11i,9.45103225867442e-06-7.57442603407825e-12i,8.99366842607656e-07+7.53781217316983e-12i,7.68066734886405e-07-1.14388734345641e-12i,-2.08358787834683e-07-3.15376244304566e-12i,-1.52379067219253e-06+3.42711123985029e-12i,1.51824796130587e-07-4.62852386825282e-12i,-1.11143752439474e-07-2.36322793952275e-12i,-1.21319025813688e-07+2.68444585843598e-12i,-0.00746715149783284+2.26090948335708e-10i,0.00334961347258591-1.02133706336964e-10i,-0.00105604967512472+3.67973264298464e-11i,0.000284124036529266+0i,-6.1424720723218e-05+1.09683015952614e-11i,-2.28133925704623e-05+4.95262667135413e-12i,5.95007332698521e-06-8.03309489264557e-14i,-8.36645084306278e-06+6.95737514228437e-13i,6.83199860199807e-06-1.71471128497696e-12i,2.40427724082886e-06+3.77082052238279e-13i,-2.89539436635056e-07-1.3737610036053e-12i,1.03358821501716e-06-2.82892330831282e-12i,-1.72805867019351e-06+4.19629718617817e-13i,-0.00373787982703671-0.00210274649250036i,-0.000842631860797215+0.00169312286391014i,0.000530173122016227+0.000226729094495589i,7.55147570923999e-05-0.000111974588967484i,-1.88113037096724e-05-1.8908876590656e-05i,1.70149146106264e-06-1.454289874472e-05i,-2.92858807548532e-06+2.82571981301923e-06i,-2.23226990909377e-06+1.28491196320805e-06i,1.31005454273717e-06+2.85674691734974e-06i,-1.00032229481104e-07+1.70809563376552e-06i,1.19308866619106e-07-6.55026827254918e-07i,1.1738504900193e-07-1.05855175688e-07i,-4.43981909059344e-07-7.67875577214345e-07i,-0.00373787980315455+0.00210274707655028i,-0.000842632144440522-0.00169312286719262i,0.000530173144622755-0.000226729194076194i,7.55148006054294e-05+0.000111974601654936i,-1.88112806776587e-05+1.89088570434316e-05i,1.70151136142871e-06+1.45428939284944e-05i,-2.92858933474772e-06-2.82570558009537e-06i,-2.2322716414532e-06-1.28491818457063e-06i,1.31005085361294e-06-2.85674125685116e-06i,-1.00037311181404e-07-1.70809551812571e-06i,1.19308053728063e-07+6.55024232642665e-07i,1.17385816252411e-07+1.05857488163165e-07i,-4.43981664296641e-07+7.67874593183042e-07i
0.000299312354438477+5.27317666036925e-10i,0.000110303582486671+2.18731733653006e-10i,4.42032081881335e-05+7.31924132917282e-11i,4.80367246594175e-06+2.14329525672217e-11i,-6.63205380209023e-07+1.04985174195173e-12i,-1.33792715301766e-06+1.19623643307153e-12i,-6.24318640280265e-09-1.65117533926682e-12i,1.75379481455284e-08-2.47438491277335e-13i,2.21926972658996e-07+5.57391452898653e-14i,2.7068877903949e-07-1.04529163793064e-12i,-4.40042007818249e-08+1.07245038921219e-12i,1.5440788323013e-09+6.83070103951432e-13i,-1.81320422058967e-08-5.96327544509669e-13i,0.0015711171884718+3.06649561595105e-10i,-0.000706782847834061-1.49153714567867e-10i,0.000222265601649807+4.8807291019398e-11i,-6.1424720723218e-05-1.09683015952614e-11i,1.36572110182271e-05+0i,4.65560648528005e-06+9.79559047542897e-13i,-1.29127774959116e-06-1.31327842332735e-13i,1.89267492516235e-06-4.23982999711682e-13i,-1.56270204584443e-06+2.12896057809515e-13i,-4.5966636447365e-07-1.85497282330517e-13i,6.93232406931946e-08+3.33628188332754e-13i,-2.38173485501035e-07+7.74237203447435e-13i,3.87637384264536e-07-1.27764763148645e-13i,0.000649133958729545+0.000526875412090402i,0.000210704215693913-0.000296199977568185i,-9.20759392555846e-05-5.65988794980295e-05i,-1.8908873676518e-05+1.88113079554903e-05i,3.06443553503824e-06+4.7625181302723e-06i,-3.99672964114842e-07+2.62014090095837e-06i,5.19394141608886e-07-7.2236786050307e-07i,5.57658560654468e-07-1.47420578506295e-07i,-1.9062589507376e-07-7.23035591648997e-07i,1.08393178742766e-08-3.05303711335347e-07i,-2.29658843964532e-08+1.65976952972392e-07i,-3.14212161886607e-08+6.86190860884762e-09i,6.97345768798892e-08+1.93796179465108e-07i,0.000649133632168379-0.000526874769166488i,0.000210703931278947+0.000296199820951164i,-9.20758989790933e-05+5.65987947879231e-05i,-1.89088625069134e-05-1.88112957465953e-05i,3.06442537049203e-06-4.76251069270955e-06i,-3.99675082065502e-07-2.62013844971423e-06i,5.19394674149259e-07+7.22364707182901e-07i,5.57659305160501e-07+1.47421890567232e-07i,-1.90624245375335e-07+7.23034080768187e-07i,1.08403522558037e-08+3.05303642021691e-07i,-2.29656795255562e-08-1.65976562702964e-07i,-3.14214954909506e-08-6.86249286196681e-09i,6.97343211342631e-08-1.93795930406399e-07i
